ExperimentName	Subject	Session	Correct	CorrectAns	Response	TestSlide.RT	SessionTime
2_	13	1	0	1	17	6521	14:09:45
2_	13	1	0	2	15	2596	14:09:45
2_	13	1	0	3	10	3972	14:09:45
2_	13	1	0	4	11	10434	14:09:45
2_	13	1	0	5	4	1716	14:09:45
2_	13	1	0	6	8	2365	14:09:45
2_	13	1	1	7	7	1246	14:09:45
2_	13	1	0	8	12	1750	14:09:45
2_	13	1	0	9	10	1970	14:09:45
2_	13	1	0	10	16	1946	14:09:45
2_	13	1	0	11	9	1795	14:09:45
2_	13	1	0	12	16	3481	14:09:45
2_	13	1	0	13	8	2782	14:09:45
2_	13	1	0	14	1	2002	14:09:45
2_	13	1	0	15	6	4048	14:09:45
2_	13	1	0	16	18	1825	14:09:45
2_	13	1	0	17	14	1511	14:09:45
2_	13	1	0	18	17	5903	14:09:45
2_	15	3	0	1	12	1170	15:31:33
2_	15	3	0	2	4	505	15:31:33
2_	15	3	1	3	3	1131	15:31:33
2_	15	3	0	4	13	731	15:31:33
2_	15	3	0	5	10	1335	15:31:33
2_	15	3	0	6	2	3723	15:31:33
2_	15	3	0	7	6	1293	15:31:33
2_	15	3	0	8	7	1027	15:31:33
2_	15	3	0	9	16	2461	15:31:33
2_	15	3	0	10	14	1776	15:31:33
2_	15	3	0	11	16	3693	15:31:33
2_	15	3	0	12	5	987	15:31:33
2_	15	3	0	13	2	1605	15:31:33
2_	15	3	0	14	1	847	15:31:33
2_	15	3	0	15	3	638	15:31:33
2_	15	3	0	16	17	1577	15:31:33
2_	15	3	0	17	1	1303	15:31:33
2_	15	3	0	18	4	760	15:31:33
2_	22	3	0	1	9	6299	12:31:43
2_	22	3	0	2	16	1119	12:31:43
2_	22	3	0	3	18	1078	12:31:43
2_	22	3	0	4	10	1155	12:31:43
2_	22	3	1	5	5	826	12:31:43
2_	22	3	0	6	14	883	12:31:43
2_	22	3	0	7	10	879	12:31:43
2_	22	3	0	8	6	1291	12:31:43
2_	22	3	0	9	17	1068	12:31:43
2_	22	3	0	10	7	1196	12:31:43
2_	22	3	0	11	3	1131	12:31:43
2_	22	3	0	12	11	1113	12:31:43
2_	22	3	0	13	1	1790	12:31:43
2_	22	3	0	14	13	981	12:31:43
2_	22	3	0	15	7	926	12:31:43
2_	22	3	0	16	3	4615	12:31:43
2_	22	3	0	17	14	1849	12:31:43
2_	22	3	0	18	3	1192	12:31:43
2_	27	2	0	1	18	16586	13:00:14
2_	27	2	0	2	10	13968	13:00:14
2_	27	2	0	3	1	18276	13:00:14
2_	27	2	0	4	2	6018	13:00:14
2_	27	2	0	5	3	2288	13:00:14
2_	27	2	0	6	5	5025	13:00:14
2_	27	2	0	7	16	151192	13:00:14
2_	27	2	0	8	14	1531	13:00:14
2_	27	2	0	9	7	994	13:00:14
2_	27	2	0	10	7	841	13:00:14
2_	27	2	0	11	4	1088	13:00:14
2_	27	2	0	12	11	1252	13:00:14
2_	27	2	0	13	18	1313	13:00:14
2_	27	2	0	14	11	1637	13:00:14
2_	27	2	0	15	12	2192	13:00:14
2_	27	2	0	16	5	2826	13:00:14
2_	27	2	0	17	1	1513	13:00:14
2_	27	2	0	18	11	1066	13:00:14
2_	35	2	1	1	1	2677	15:03:45
2_	35	2	0	2	12	3937	15:03:45
2_	35	2	1	3	3	1811	15:03:45
2_	35	2	0	4	16	7269	15:03:45
2_	35	2	1	5	5	3604	15:03:45
2_	35	2	0	6	2	4387	15:03:45
2_	35	2	1	7	7	1165	15:03:45
2_	35	2	1	8	8	1998	15:03:45
2_	35	2	1	9	9	1750	15:03:45
2_	35	2	0	10	16	1729	15:03:45
2_	35	2	1	11	11	2288	15:03:45
2_	35	2	1	12	12	2304	15:03:45
2_	35	2	1	13	13	2901	15:03:45
2_	35	2	0	14	17	2082	15:03:45
2_	35	2	1	15	15	2678	15:03:45
2_	35	2	0	16	10	4211	15:03:45
2_	35	2	0	17	18	4236	15:03:45
2_	35	2	1	18	18	3143	15:03:45
2_	4	3	1	1	1	2273	14:54:45
2_	4	3	1	2	2	4593	14:54:45
2_	4	3	0	3	5	12277	14:54:45
2_	4	3	1	4	4	3801	14:54:45
2_	4	3	1	5	5	17168	14:54:45
2_	4	3	1	6	6	5704	14:54:45
2_	4	3	1	7	7	1596	14:54:45
2_	4	3	1	8	8	2370	14:54:45
2_	4	3	1	9	9	1829	14:54:45
2_	4	3	1	10	10	1291	14:54:45
2_	4	3	1	11	11	1915	14:54:45
2_	4	3	1	12	12	8388	14:54:45
2_	4	3	1	13	13	1431	14:54:45
2_	4	3	1	14	14	3665	14:54:45
2_	4	3	1	15	15	949	14:54:45
2_	4	3	1	16	16	3036	14:54:45
2_	4	3	1	17	17	1479	14:54:45
2_	4	3	1	18	18	1771	14:54:45
3_	13	2	0	1	6	5398	14:18:27
3_	13	2	0	2	4	3861	14:18:27
3_	13	2	0	3	5	2675	14:18:27
3_	13	2	0	4	10	5129	14:18:27
3_	13	2	1	5	5	1677	14:18:27
3_	13	2	0	6	2	3641	14:18:27
3_	13	2	1	7	7	1061	14:18:27
3_	13	2	1	8	8	1728	14:18:27
3_	13	2	0	9	13	4676	14:18:27
3_	13	2	0	10	9	2848	14:18:27
3_	13	2	0	11	2	5426	14:18:27
3_	13	2	0	12	9	3999	14:18:27
3_	13	2	1	13	13	2189	14:18:27
3_	13	2	1	14	14	2055	14:18:27
3_	13	2	1	15	15	1330	14:18:27
3_	13	2	0	16	12	2304	14:18:27
3_	13	2	0	17	5	2772	14:18:27
3_	13	2	0	18	14	1882	14:18:27
3_	15	2	1	1	1	882	15:24:16
3_	15	2	0	2	7	548	15:24:16
3_	15	2	0	3	14	328	15:24:16
3_	15	2	0	4	8	1033	15:24:16
3_	15	2	0	5	18	639	15:24:16
3_	15	2	0	6	10	1090	15:24:16
3_	15	2	0	7	5	1065	15:24:16
3_	15	2	0	8	11	733	15:24:16
3_	15	2	0	9	12	1680	15:24:16
3_	15	2	0	10	17	1189	15:24:16
3_	15	2	0	11	4	1069	15:24:16
3_	15	2	0	12	18	685	15:24:16
3_	15	2	0	13	16	523	15:24:16
3_	15	2	0	14	8	536	15:24:16
3_	15	2	0	15	4	585	15:24:16
3_	15	2	0	16	7	549	15:24:16
3_	15	2	0	17	15	652	15:24:16
3_	15	2	0	18	13	2671	15:24:16
3_	22	1	0	1	17	2792	12:14:40
3_	22	1	0	2	17	5903	12:14:40
3_	22	1	0	3	12	4404	12:14:40
3_	22	1	0	4	3	2722	12:14:40
3_	22	1	0	5	3	3395	12:14:40
3_	22	1	0	6	14	3880	12:14:40
3_	22	1	0	7	2	2002	12:14:40
3_	22	1	1	8	8	1323	12:14:40
3_	22	1	0	9	12	2071	12:14:40
3_	22	1	0	10	4	1431	12:14:40
3_	22	1	1	11	11	3459	12:14:40
3_	22	1	0	12	13	1095	12:14:40
3_	22	1	0	13	15	658	12:14:40
3_	22	1	0	14	10	970	12:14:40
3_	22	1	1	15	15	3804	12:14:40
3_	22	1	0	16	10	968	12:14:40
3_	22	1	0	17	14	941	12:14:40
3_	22	1	0	18	16	1561	12:14:40
3_	27	3	0	1	16	6199	13:12:21
3_	27	3	0	2	18	1061	13:12:21
3_	27	3	0	3	4	5560	13:12:21
3_	27	3	0	4	12	525	13:12:21
3_	27	3	0	5	8	356	13:12:21
3_	27	3	0	6	10	587	13:12:21
3_	27	3	0	7	8	1078	13:12:21
3_	27	3	0	8	9	1557	13:12:21
3_	27	3	0	9	14	3099	13:12:21
3_	27	3	0	10	7	8331	13:12:21
3_	27	3	0	11	4	872	13:12:21
3_	27	3	0	12	13	456	13:12:21
3_	27	3	0	13	6	957	13:12:21
3_	27	3	1	14	14	921	13:12:21
3_	27	3	0	15	17	772	13:12:21
3_	27	3	1	16	16	1042	13:12:21
3_	27	3	0	17	2	915	13:12:21
3_	27	3	0	18	14	789	13:12:21
3_	35	3	1	1	1	4419	15:11:57
3_	35	3	1	2	2	2930	15:11:57
3_	35	3	1	3	3	1223	15:11:57
3_	35	3	1	4	4	3885	15:11:57
3_	35	3	1	5	5	1546	15:11:57
3_	35	3	1	6	6	2028	15:11:57
3_	35	3	1	7	7	1738	15:11:57
3_	35	3	1	8	8	2010	15:11:57
3_	35	3	1	9	9	1909	15:11:57
3_	35	3	1	10	10	2128	15:11:57
3_	35	3	1	11	11	3943	15:11:57
3_	35	3	1	12	12	1567	15:11:57
3_	35	3	1	13	13	1777	15:11:57
3_	35	3	1	14	14	2591	15:11:57
3_	35	3	1	15	15	2122	15:11:57
3_	35	3	1	16	16	8706	15:11:57
3_	35	3	1	17	17	1366	15:11:57
3_	35	3	1	18	18	5840	15:11:57
3_	4	2	1	1	1	7612	14:46:44
3_	4	2	0	2	4	7600	14:46:44
3_	4	2	1	3	3	2902	14:46:44
3_	4	2	0	4	9	6114	14:46:44
3_	4	2	0	5	13	3883	14:46:44
3_	4	2	1	6	6	1959	14:46:44
3_	4	2	1	7	7	2569	14:46:44
3_	4	2	1	8	8	1322	14:46:44
3_	4	2	0	9	18	6867	14:46:44
3_	4	2	1	10	10	2279	14:46:44
3_	4	2	0	11	9	2079	14:46:44
3_	4	2	1	12	12	1442	14:46:44
3_	4	2	0	13	11	9018	14:46:44
3_	4	2	1	14	14	5387	14:46:44
3_	4	2	1	15	15	1123	14:46:44
3_	4	2	1	16	16	1951	14:46:44
3_	4	2	1	17	17	2827	14:46:44
3_	4	2	1	18	18	11748	14:46:44
4_	13	3	0	1	7	3744	14:26:23
4_	13	3	0	2	11	2257	14:26:23
4_	13	3	0	3	18	3053	14:26:23
4_	13	3	0	4	2	4876	14:26:23
4_	13	3	0	5	13	1532	14:26:23
4_	13	3	0	6	10	2153	14:26:23
4_	13	3	0	7	15	1797	14:26:23
4_	13	3	0	8	12	4109	14:26:23
4_	13	3	0	9	7	2048	14:26:23
4_	13	3	0	10	1	1967	14:26:23
4_	13	3	1	11	11	2249	14:26:23
4_	13	3	0	12	4	1995	14:26:23
4_	13	3	0	13	9	2508	14:26:23
4_	13	3	0	14	6	1520	14:26:23
4_	13	3	0	15	17	2441	14:26:23
4_	13	3	0	16	5	1691	14:26:23
4_	13	3	0	17	14	1357	14:26:23
4_	13	3	0	18	15	5425	14:26:23
4_	15	1	0	1	3	1585	15:16:27
4_	15	1	0	2	6	1160	15:16:27
4_	15	1	0	3	8	825	15:16:27
4_	15	1	0	4	1	687	15:16:27
4_	15	1	0	5	9	750	15:16:27
4_	15	1	0	6	2	812	15:16:27
4_	15	1	0	7	15	978	15:16:27
4_	15	1	0	8	7	992	15:16:27
4_	15	1	0	9	4	864	15:16:27
4_	15	1	0	10	17	793	15:16:27
4_	15	1	0	11	10	831	15:16:27
4_	15	1	0	12	5	1566	15:16:27
4_	15	1	0	13	14	977	15:16:27
4_	15	1	0	14	9	1496	15:16:27
4_	15	1	0	15	7	829	15:16:27
4_	15	1	0	16	17	658	15:16:27
4_	15	1	0	17	15	1492	15:16:27
4_	15	1	0	18	16	1197	15:16:27
4_	22	2	0	1	12	4427	12:23:30
4_	22	2	0	2	4	1534	12:23:30
4_	22	2	0	3	5	1592	12:23:30
4_	22	2	1	4	4	2177	12:23:30
4_	22	2	0	5	14	2991	12:23:30
4_	22	2	0	6	16	2793	12:23:30
4_	22	2	0	7	9	2274	12:23:30
4_	22	2	0	8	1	3147	12:23:30
4_	22	2	0	9	10	1980	12:23:30
4_	22	2	0	10	11	4489	12:23:30
4_	22	2	0	11	16	2767	12:23:30
4_	22	2	0	12	8	7684	12:23:30
4_	22	2	0	13	2	2040	12:23:30
4_	22	2	0	14	6	2986	12:23:30
4_	22	2	1	15	15	920	12:23:30
4_	22	2	0	16	18	2116	12:23:30
4_	22	2	0	17	6	3485	12:23:30
4_	22	2	0	18	7	2392	12:23:30
4_	27	1	0	1	14	5571	12:50:39
4_	27	1	0	2	13	3954	12:50:39
4_	27	1	0	3	16	2582	12:50:39
4_	27	1	0	4	16	1537	12:50:39
4_	27	1	0	5	2	2850	12:50:39
4_	27	1	0	6	18	1801	12:50:39
4_	27	1	0	7	4	2503	12:50:39
4_	27	1	1	8	8	2956	12:50:39
4_	27	1	1	9	9	3144	12:50:39
4_	27	1	0	10	3	5547	12:50:39
4_	27	1	0	11	12	2633	12:50:39
4_	27	1	0	12	6	3015	12:50:39
4_	27	1	0	13	11	15257	12:50:39
4_	27	1	0	14	17	3524	12:50:39
4_	27	1	0	15	13	2263	12:50:39
4_	27	1	0	16	10	1985	12:50:39
4_	27	1	0	17	5	2075	12:50:39
4_	27	1	0	18	16	2887	12:50:39
4_	35	1	1	1	1	2202	14:35:12
4_	35	1	0	2	8	3592	14:35:12
4_	35	1	0	3	8	4090	14:35:12
4_	35	1	0	4	17	1546	14:35:12
4_	35	1	0	5	10	1979	14:35:12
4_	35	1	0	6	7	2033	14:35:12
4_	35	1	0	7	6	4525	14:35:12
4_	35	1	0	8	14	2153	14:35:12
4_	35	1	1	9	9	2326	14:35:12
4_	35	1	0	10	11	1746	14:35:12
4_	35	1	0	11	14	4981	14:35:12
4_	35	1	1	12	12	2011	14:35:12
4_	35	1	1	13	13	1685	14:35:12
4_	35	1	0	14	5	5026	14:35:12
4_	35	1	0	15	6	4792	14:35:12
4_	35	1	1	16	16	1691	14:35:12
4_	35	1	0	17	18	5826	14:35:12
4_	35	1	0	18	3	1721	14:35:12
4_	4	1	0	1	14	11171	14:37:05
4_	4	1	1	2	2	3292	14:37:05
4_	4	1	1	3	3	2629	14:37:05
4_	4	1	1	4	4	8858	14:37:05
4_	4	1	1	5	5	3429	14:37:05
4_	4	1	0	6	10	3108	14:37:05
4_	4	1	1	7	7	1944	14:37:05
4_	4	1	0	8	14	14114	14:37:05
4_	4	1	0	9	8	7913	14:37:05
4_	4	1	0	10	1	5770	14:37:05
4_	4	1	1	11	11	2148	14:37:05
4_	4	1	1	12	12	9465	14:37:05
4_	4	1	1	13	13	1480	14:37:05
4_	4	1	0	14	17	3101	14:37:05
4_	4	1	1	15	15	1353	14:37:05
4_	4	1	1	16	16	1879	14:37:05
4_	4	1	0	17	4	3043	14:37:05
4_	4	1	1	18	18	2268	14:37:05
2_	16	3	0	1	2	2601	15:46:01
2_	16	3	0	2	6	3639	15:46:01
2_	16	3	0	3	4	3402	15:46:01
2_	16	3	0	4	5	6385	15:46:01
2_	16	3	0	5	10	3363	15:46:01
2_	16	3	0	6	16	6235	15:46:01
2_	16	3	1	7	7	5977	15:46:01
2_	16	3	0	8	18	3853	15:46:01
2_	16	3	0	9	15	5419	15:46:01
2_	16	3	0	10	11	8538	15:46:01
2_	16	3	0	11	17	3331	15:46:01
2_	16	3	0	12	6	6807	15:46:01
2_	16	3	1	13	13	2051	15:46:01
2_	16	3	0	14	9	7105	15:46:01
2_	16	3	0	15	2	5767	15:46:01
2_	16	3	0	16	12	1169	15:46:01
2_	16	3	0	17	16	2507	15:46:01
2_	16	3	1	18	18	3013	15:46:01
2_	23	2	1	1	1	2315	12:24:44
2_	23	2	0	2	3	4038	12:24:44
2_	23	2	0	3	2	4201	12:24:44
2_	23	2	0	4	11	2751	12:24:44
2_	23	2	0	5	4	7916	12:24:44
2_	23	2	1	6	6	5637	12:24:44
2_	23	2	0	7	13	6336	12:24:44
2_	23	2	0	8	5	7106	12:24:44
2_	23	2	0	9	6	6548	12:24:44
2_	23	2	0	10	8	6761	12:24:44
2_	23	2	1	11	11	3820	12:24:44
2_	23	2	1	12	12	4260	12:24:44
2_	23	2	0	13	5	10774	12:24:44
2_	23	2	0	14	3	2891	12:24:44
2_	23	2	1	15	15	5892	12:24:44
2_	23	2	0	16	6	8413	12:24:44
2_	23	2	1	17	17	2391	12:24:44
2_	23	2	1	18	18	3786	12:24:44
2_	28	2	0	1	12	17190	12:53:18
2_	28	2	1	2	2	6762	12:53:18
2_	28	2	0	3	14	5835	12:53:18
2_	28	2	0	4	1	7502	12:53:18
2_	28	2	1	5	5	7618	12:53:18
2_	28	2	0	6	4	4466	12:53:18
2_	28	2	1	7	7	5982	12:53:18
2_	28	2	1	8	8	6338	12:53:18
2_	28	2	1	9	9	2899	12:53:18
2_	28	2	0	10	13	8453	12:53:18
2_	28	2	1	11	11	3931	12:53:18
2_	28	2	1	12	12	1945	12:53:18
2_	28	2	0	13	6	24648	12:53:18
2_	28	2	0	14	2	5688	12:53:18
2_	28	2	1	15	15	1800	12:53:18
2_	28	2	1	16	16	10875	12:53:18
2_	28	2	1	17	17	1274	12:53:18
2_	28	2	1	18	18	10895	12:53:18
2_	31	1	1	1	1	7416	13:11:26
2_	31	1	0	2	5	14035	13:11:26
2_	31	1	0	3	2	16021	13:11:26
2_	31	1	0	4	2	3316	13:11:26
2_	31	1	0	5	3	15171	13:11:26
2_	31	1	1	6	6	14090	13:11:26
2_	31	1	1	7	7	1153	13:11:26
2_	31	1	1	8	8	2615	13:11:26
2_	31	1	1	9	9	2761	13:11:26
2_	31	1	1	10	10	1432	13:11:26
2_	31	1	1	11	11	937	13:11:26
2_	31	1	1	12	12	1509	13:11:26
2_	31	1	1	13	13	2537	13:11:26
2_	31	1	1	14	14	6996	13:11:26
2_	31	1	1	15	15	3985	13:11:26
2_	31	1	1	16	16	9531	13:11:26
2_	31	1	1	17	17	917	13:11:26
2_	31	1	1	18	18	3175	13:11:26
2_	5	3	1	1	1	8875	14:43:01
2_	5	3	1	2	2	4604	14:43:01
2_	5	3	1	3	3	2657	14:43:01
2_	5	3	1	4	4	2774	14:43:01
2_	5	3	1	5	5	2580	14:43:01
2_	5	3	1	6	6	5761	14:43:01
2_	5	3	1	7	7	1426	14:43:01
2_	5	3	1	8	8	6561	14:43:01
2_	5	3	1	9	9	1668	14:43:01
2_	5	3	1	10	10	5235	14:43:01
2_	5	3	1	11	11	1991	14:43:01
2_	5	3	1	12	12	2137	14:43:01
2_	5	3	1	13	13	2313	14:43:01
2_	5	3	1	14	14	6235	14:43:01
2_	5	3	1	15	15	1846	14:43:01
2_	5	3	1	16	16	1766	14:43:01
2_	5	3	1	17	17	1638	14:43:01
2_	5	3	1	18	18	2057	14:43:01
2_	7	2	0	1	3	3686	14:07:03
2_	7	2	1	2	2	6274	14:07:03
2_	7	2	0	3	7	1707	14:07:03
2_	7	2	0	4	10	5424	14:07:03
2_	7	2	0	5	6	4030	14:07:03
2_	7	2	0	6	9	4425	14:07:03
2_	7	2	1	7	7	1302	14:07:03
2_	7	2	0	8	1	8268	14:07:03
2_	7	2	0	9	12	3251	14:07:03
2_	7	2	0	10	2	2733	14:07:03
2_	7	2	0	11	5	7193	14:07:03
2_	7	2	0	12	5	5002	14:07:03
2_	7	2	0	13	5	2361	14:07:03
2_	7	2	0	14	8	4810	14:07:03
2_	7	2	0	15	12	3083	14:07:03
2_	7	2	0	16	13	5656	14:07:03
2_	7	2	0	17	10	4691	14:07:03
2_	7	2	0	18	17	3819	14:07:03
3_	16	2	1	1	1	2309	15:36:45
3_	16	2	0	2	12	3962	15:36:45
3_	16	2	0	3	9	2035	15:36:45
3_	16	2	0	4	5	6248	15:36:45
3_	16	2	0	5	8	6846	15:36:45
3_	16	2	0	6	2	3485	15:36:45
3_	16	2	0	7	6	2961	15:36:45
3_	16	2	0	8	18	4502	15:36:45
3_	16	2	1	9	9	7031	15:36:45
3_	16	2	0	10	14	1641	15:36:45
3_	16	2	0	11	4	6987	15:36:45
3_	16	2	0	12	7	3676	15:36:45
3_	16	2	0	13	8	3699	15:36:45
3_	16	2	0	14	11	10376	15:36:45
3_	16	2	0	15	13	8396	15:36:45
3_	16	2	0	16	3	2909	15:36:45
3_	16	2	0	17	18	1968	15:36:45
3_	16	2	0	18	15	9867	15:36:45
3_	23	1	0	1	2	5045	12:14:57
3_	23	1	0	2	6	6979	12:14:57
3_	23	1	0	3	5	1880	12:14:57
3_	23	1	0	4	17	2957	12:14:57
3_	23	1	0	5	18	3624	12:14:57
3_	23	1	0	6	12	4257	12:14:57
3_	23	1	1	7	7	1981	12:14:57
3_	23	1	0	8	1	3811	12:14:57
3_	23	1	1	9	9	1908	12:14:57
3_	23	1	0	10	8	5825	12:14:57
3_	23	1	0	11	3	5024	12:14:57
3_	23	1	0	12	13	4159	12:14:57
3_	23	1	0	13	4	5738	12:14:57
3_	23	1	1	14	14	2755	12:14:57
3_	23	1	1	15	15	1303	12:14:57
3_	23	1	0	16	8	4459	12:14:57
3_	23	1	1	17	17	1344	12:14:57
3_	23	1	0	18	16	4848	12:14:57
3_	28	1	1	1	1	13207	12:43:53
3_	28	1	1	2	2	1961	12:43:53
3_	28	1	1	3	3	1920	12:43:53
3_	28	1	1	4	4	2492	12:43:53
3_	28	1	1	5	5	2981	12:43:53
3_	28	1	1	6	6	5871	12:43:53
3_	28	1	1	7	7	2918	12:43:53
3_	28	1	1	8	8	3121	12:43:53
3_	28	1	0	9	18	8353	12:43:53
3_	28	1	1	10	10	4470	12:43:53
3_	28	1	0	11	14	1869	12:43:53
3_	28	1	0	12	9	6357	12:43:53
3_	28	1	0	13	16	4034	12:43:53
3_	28	1	0	14	11	10487	12:43:53
3_	28	1	1	15	15	6114	12:43:53
3_	28	1	0	16	13	13000	12:43:53
3_	28	1	1	17	17	2695	12:43:53
3_	28	1	0	18	13	6311	12:43:53
3_	31	2	1	1	1	3029	13:21:11
3_	31	2	1	2	2	2112	13:21:11
3_	31	2	1	3	3	1667	13:21:11
3_	31	2	1	4	4	1513	13:21:11
3_	31	2	1	5	5	2547	13:21:11
3_	31	2	1	6	6	1352	13:21:11
3_	31	2	1	7	7	1469	13:21:11
3_	31	2	1	8	8	1662	13:21:11
3_	31	2	1	9	9	1617	13:21:11
3_	31	2	1	10	10	5979	13:21:11
3_	31	2	1	11	11	830	13:21:11
3_	31	2	1	12	12	1232	13:21:11
3_	31	2	1	13	13	1156	13:21:11
3_	31	2	1	14	14	2761	13:21:11
3_	31	2	1	15	15	1107	13:21:11
3_	31	2	1	16	16	2895	13:21:11
3_	31	2	0	17	7	1392	13:21:11
3_	31	2	1	18	18	3914	13:21:11
3_	5	2	0	1	10	5764	14:34:55
3_	5	2	1	2	2	2069	14:34:55
3_	5	2	0	3	4	2912	14:34:55
3_	5	2	0	4	3	9431	14:34:55
3_	5	2	0	5	6	4441	14:34:55
3_	5	2	1	6	6	4589	14:34:55
3_	5	2	1	7	7	1414	14:34:55
3_	5	2	1	8	8	1721	14:34:55
3_	5	2	1	9	9	3755	14:34:55
3_	5	2	1	10	10	1808	14:34:55
3_	5	2	1	11	11	1483	14:34:55
3_	5	2	1	12	12	1878	14:34:55
3_	5	2	1	13	13	2171	14:34:55
3_	5	2	1	14	14	1457	14:34:55
3_	5	2	1	15	15	1253	14:34:55
3_	5	2	1	16	16	4064	14:34:55
3_	5	2	1	17	17	2284	14:34:55
3_	5	2	1	18	18	1559	14:34:55
3_	7	1	1	1	1	3080	13:58:23
3_	7	1	0	2	6	3685	13:58:23
3_	7	1	0	3	5	4528	13:58:23
3_	7	1	0	4	3	6404	13:58:23
3_	7	1	0	5	18	4996	13:58:23
3_	7	1	0	6	9	5138	13:58:23
3_	7	1	1	7	7	1161	13:58:23
3_	7	1	0	8	13	3251	13:58:23
3_	7	1	0	9	16	5123	13:58:23
3_	7	1	1	10	10	2199	13:58:23
3_	7	1	0	11	5	8048	13:58:23
3_	7	1	0	12	11	1926	13:58:23
3_	7	1	0	13	8	5251	13:58:23
3_	7	1	1	14	14	1692	13:58:23
3_	7	1	1	15	15	1578	13:58:23
3_	7	1	0	16	12	2672	13:58:23
3_	7	1	0	17	14	1352	13:58:23
3_	7	1	0	18	9	5447	13:58:23
4_	16	1	1	1	1	3821	15:27:06
4_	16	1	1	2	2	12773	15:27:06
4_	16	1	1	3	3	5529	15:27:06
4_	16	1	0	4	2	4559	15:27:06
4_	16	1	1	5	5	3428	15:27:06
4_	16	1	0	6	3	5990	15:27:06
4_	16	1	1	7	7	2373	15:27:06
4_	16	1	0	8	14	8692	15:27:06
4_	16	1	0	9	15	9650	15:27:06
4_	16	1	0	10	11	2963	15:27:06
4_	16	1	0	11	17	2491	15:27:06
4_	16	1	1	12	12	3972	15:27:06
4_	16	1	0	13	10	7562	15:27:06
4_	16	1	0	14	18	3010	15:27:06
4_	16	1	0	15	6	4734	15:27:06
4_	16	1	0	16	1	4819	15:27:06
4_	16	1	0	17	10	7849	15:27:06
4_	16	1	0	18	15	3881	15:27:06
4_	23	3	1	1	1	3584	12:33:49
4_	23	3	0	2	6	7010	12:33:49
4_	23	3	1	3	3	6190	12:33:49
4_	23	3	1	4	4	1167	12:33:49
4_	23	3	1	5	5	3002	12:33:49
4_	23	3	0	6	7	5887	12:33:49
4_	23	3	1	7	7	6682	12:33:49
4_	23	3	0	8	12	9247	12:33:49
4_	23	3	1	9	9	2157	12:33:49
4_	23	3	0	10	13	5076	12:33:49
4_	23	3	0	11	13	4022	12:33:49
4_	23	3	0	12	11	6582	12:33:49
4_	23	3	0	13	6	9551	12:33:49
4_	23	3	1	14	14	2789	12:33:49
4_	23	3	1	15	15	2223	12:33:49
4_	23	3	0	16	3	5334	12:33:49
4_	23	3	1	17	17	3906	12:33:49
4_	23	3	1	18	18	3040	12:33:49
4_	28	3	1	1	1	2284	13:02:38
4_	28	3	1	2	2	3202	13:02:38
4_	28	3	1	3	3	2567	13:02:38
4_	28	3	1	4	4	6673	13:02:38
4_	28	3	1	5	5	4224	13:02:38
4_	28	3	1	6	6	6071	13:02:38
4_	28	3	1	7	7	3640	13:02:38
4_	28	3	1	8	8	2970	13:02:38
4_	28	3	0	9	16	7001	13:02:38
4_	28	3	1	10	10	12333	13:02:38
4_	28	3	1	11	11	1283	13:02:38
4_	28	3	1	12	12	1718	13:02:38
4_	28	3	1	13	13	2144	13:02:38
4_	28	3	1	14	14	2936	13:02:38
4_	28	3	1	15	15	4298	13:02:38
4_	28	3	1	16	16	2522	13:02:38
4_	28	3	1	17	17	3931	13:02:38
4_	28	3	1	18	18	10352	13:02:38
4_	31	3	1	1	1	1585	13:29:37
4_	31	3	1	2	2	6521	13:29:37
4_	31	3	1	3	3	1620	13:29:37
4_	31	3	1	4	4	1585	13:29:37
4_	31	3	1	5	5	3069	13:29:37
4_	31	3	1	6	6	2484	13:29:37
4_	31	3	1	7	7	3376	13:29:37
4_	31	3	1	8	8	1453	13:29:37
4_	31	3	1	9	9	1736	13:29:37
4_	31	3	1	10	10	1515	13:29:37
4_	31	3	1	11	11	848	13:29:37
4_	31	3	1	12	12	1751	13:29:37
4_	31	3	1	13	13	1579	13:29:37
4_	31	3	1	14	14	1386	13:29:37
4_	31	3	1	15	15	1166	13:29:37
4_	31	3	1	16	16	4008	13:29:37
4_	31	3	1	17	17	1160	13:29:37
4_	31	3	1	18	18	1708	13:29:37
4_	5	1	1	1	1	1211	14:26:35
4_	5	1	1	2	2	5493	14:26:35
4_	5	1	0	3	10	2893	14:26:35
4_	5	1	1	4	4	1837	14:26:35
4_	5	1	0	5	9	2714	14:26:35
4_	5	1	1	6	6	1745	14:26:35
4_	5	1	1	7	7	4284	14:26:35
4_	5	1	0	8	5	837	14:26:35
4_	5	1	0	9	14	6694	14:26:35
4_	5	1	0	10	3	3926	14:26:35
4_	5	1	1	11	11	1500	14:26:35
4_	5	1	1	12	12	2168	14:26:35
4_	5	1	1	13	13	3674	14:26:35
4_	5	1	0	14	18	2273	14:26:35
4_	5	1	1	15	15	2658	14:26:35
4_	5	1	0	16	13	4268	14:26:35
4_	5	1	1	17	17	1741	14:26:35
4_	5	1	0	18	7	5694	14:26:35
4_	7	3	0	1	3	2736	14:15:05
4_	7	3	0	2	4	1890	14:15:05
4_	7	3	0	3	18	3025	14:15:05
4_	7	3	0	4	11	2616	14:15:05
4_	7	3	0	5	9	1731	14:15:05
4_	7	3	1	6	6	2114	14:15:05
4_	7	3	0	7	1	2712	14:15:05
4_	7	3	0	8	15	1545	14:15:05
4_	7	3	0	9	1	3212	14:15:05
4_	7	3	1	10	10	2865	14:15:05
4_	7	3	0	11	5	2830	14:15:05
4_	7	3	1	12	12	2568	14:15:05
4_	7	3	0	13	17	3979	14:15:05
4_	7	3	1	14	14	1897	14:15:05
4_	7	3	0	15	13	3272	14:15:05
4_	7	3	1	16	16	1202	14:15:05
4_	7	3	0	17	10	2792	14:15:05
4_	7	3	0	18	9	9202	14:15:05
2_	12	1	0	1	2	3204	13:58:42
2_	12	1	0	2	18	2302	13:58:42
2_	12	1	1	3	3	2818	13:58:42
2_	12	1	0	4	7	1633	13:58:42
2_	12	1	0	5	1	2267	13:58:42
2_	12	1	0	6	2	2284	13:58:42
2_	12	1	0	7	15	4328	13:58:42
2_	12	1	0	8	6	2157	13:58:42
2_	12	1	0	9	12	1873	13:58:42
2_	12	1	0	10	4	2171	13:58:42
2_	12	1	0	11	8	1916	13:58:42
2_	12	1	0	12	16	1981	13:58:42
2_	12	1	0	13	14	3066	13:58:42
2_	12	1	0	14	15	3331	13:58:42
2_	12	1	0	15	11	6880	13:58:42
2_	12	1	0	16	5	1579	13:58:42
2_	12	1	0	17	9	2321	13:58:42
2_	12	1	0	18	6	2178	13:58:42
2_	14	2	1	1	1	2440	15:13:39
2_	14	2	0	2	8	27866	15:13:39
2_	14	2	0	3	6	4205	15:13:39
2_	14	2	1	4	4	2593	15:13:39
2_	14	2	0	5	8	4429	15:13:39
2_	14	2	0	6	10	7259	15:13:39
2_	14	2	1	7	7	2790	15:13:39
2_	14	2	0	8	9	2402	15:13:39
2_	14	2	1	9	9	4815	15:13:39
2_	14	2	0	10	14	4890	15:13:39
2_	14	2	0	11	4	5746	15:13:39
2_	14	2	0	12	6	10867	15:13:39
2_	14	2	1	13	13	3411	15:13:39
2_	14	2	0	14	5	6277	15:13:39
2_	14	2	1	15	15	1841	15:13:39
2_	14	2	0	16	14	3376	15:13:39
2_	14	2	0	17	10	4135	15:13:39
2_	14	2	1	18	18	4267	15:13:39
2_	21	3	0	1	2	1734	12:20:15
2_	21	3	0	2	11	3092	12:20:15
2_	21	3	0	3	8	2837	12:20:15
2_	21	3	0	4	3	1831	12:20:15
2_	21	3	0	5	16	3195	12:20:15
2_	21	3	0	6	13	1458	12:20:15
2_	21	3	0	7	5	2006	12:20:15
2_	21	3	0	8	1	3147	12:20:15
2_	21	3	1	9	9	3514	12:20:15
2_	21	3	0	10	2	3569	12:20:15
2_	21	3	1	11	11	1627	12:20:15
2_	21	3	0	12	6	3739	12:20:15
2_	21	3	0	13	18	1683	12:20:15
2_	21	3	0	14	12	8535	12:20:15
2_	21	3	1	15	15	2252	12:20:15
2_	21	3	1	16	16	1555	12:20:15
2_	21	3	0	17	13	3393	12:20:15
2_	21	3	0	18	17	1858	12:20:15
2_	26	3	1	1	1	2293	12:56:40
2_	26	3	1	2	2	14379	12:56:40
2_	26	3	1	3	3	10267	12:56:40
2_	26	3	1	4	4	2570	12:56:40
2_	26	3	0	5	2	3884	12:56:40
2_	26	3	1	6	6	2425	12:56:40
2_	26	3	1	7	7	1712	12:56:40
2_	26	3	1	8	8	2769	12:56:40
2_	26	3	1	9	9	2097	12:56:40
2_	26	3	1	10	10	1547	12:56:40
2_	26	3	1	11	11	1831	12:56:40
2_	26	3	0	12	2	6746	12:56:40
2_	26	3	1	13	13	1196	12:56:40
2_	26	3	0	14	17	4674	12:56:40
2_	26	3	1	15	15	2658	12:56:40
2_	26	3	0	16	14	15278	12:56:40
2_	26	3	1	17	17	6714	12:56:40
2_	26	3	1	18	18	2457	12:56:40
2_	3	3	1	1	1	7199	14:47:53
2_	3	3	0	2	8	2741	14:47:53
2_	3	3	0	3	6	6301	14:47:53
2_	3	3	1	4	4	5802	14:47:53
2_	3	3	1	5	5	2658	14:47:53
2_	3	3	0	6	2	7645	14:47:53
2_	3	3	1	7	7	1643	14:47:53
2_	3	3	1	8	8	3827	14:47:53
2_	3	3	0	9	15	6930	14:47:53
2_	3	3	1	10	10	1798	14:47:53
2_	3	3	1	11	11	1142	14:47:53
2_	3	3	1	12	12	3997	14:47:53
2_	3	3	1	13	13	1724	14:47:53
2_	3	3	1	14	14	1979	14:47:53
2_	3	3	1	15	15	4233	14:47:53
2_	3	3	1	16	16	1990	14:47:53
2_	3	3	1	17	17	1868	14:47:53
2_	3	3	1	18	18	5468	14:47:53
2_	34	2	1	1	1	2921	14:52:57
2_	34	2	0	2	5	7827	14:52:57
2_	34	2	1	3	3	1858	14:52:57
2_	34	2	1	4	4	3612	14:52:57
2_	34	2	0	5	8	7391	14:52:57
2_	34	2	0	6	9	7529	14:52:57
2_	34	2	0	7	6	9992	14:52:57
2_	34	2	0	8	9	7736	14:52:57
2_	34	2	0	9	18	5032	14:52:57
2_	34	2	0	10	16	7988	14:52:57
2_	34	2	1	11	11	1982	14:52:57
2_	34	2	1	12	12	3464	14:52:57
2_	34	2	0	13	10	3453	14:52:57
2_	34	2	1	14	14	2744	14:52:57
2_	34	2	1	15	15	1720	14:52:57
2_	34	2	1	16	16	5897	14:52:57
2_	34	2	1	17	17	1706	14:52:57
2_	34	2	1	18	18	2544	14:52:57
2_	8	2	0	1	16	3280	14:34:18
2_	8	2	0	2	3	2149	14:34:18
2_	8	2	0	3	18	1539	14:34:18
2_	8	2	1	4	4	1737	14:34:18
2_	8	2	0	5	11	1806	14:34:18
2_	8	2	0	6	16	2500	14:34:18
2_	8	2	0	7	2	2563	14:34:18
2_	8	2	0	8	15	2471	14:34:18
2_	8	2	0	9	15	2869	14:34:18
2_	8	2	0	10	5	1917	14:34:18
2_	8	2	0	11	18	1317	14:34:18
2_	8	2	0	12	3	1848	14:34:18
2_	8	2	0	13	14	1391	14:34:18
2_	8	2	0	14	13	2464	14:34:18
2_	8	2	0	15	7	6013	14:34:18
2_	8	2	0	16	11	1590	14:34:18
2_	8	2	0	17	1	1440	14:34:18
2_	8	2	0	18	4	2164	14:34:18
3_	12	2	0	1	12	4300	14:09:18
3_	12	2	0	2	3	1153	14:09:18
3_	12	2	0	3	8	1733	14:09:18
3_	12	2	0	4	14	1986	14:09:18
3_	12	2	0	5	13	1517	14:09:18
3_	12	2	0	6	1	1966	14:09:18
3_	12	2	0	7	10	1624	14:09:18
3_	12	2	0	8	3	1062	14:09:18
3_	12	2	0	9	15	1258	14:09:18
3_	12	2	1	10	10	5655	14:09:18
3_	12	2	0	11	9	2458	14:09:18
3_	12	2	0	12	11	2948	14:09:18
3_	12	2	0	13	2	4101	14:09:18
3_	12	2	0	14	15	2183	14:09:18
3_	12	2	0	15	18	2058	14:09:18
3_	12	2	0	16	5	1116	14:09:18
3_	12	2	0	17	9	3982	14:09:18
3_	12	2	0	18	15	1467	14:09:18
3_	14	1	0	1	6	6873	15:04:41
3_	14	1	0	2	1	18319	15:04:41
3_	14	1	0	3	4	2320	15:04:41
3_	14	1	0	4	3	3608	15:04:41
3_	14	1	1	5	5	1338	15:04:41
3_	14	1	0	6	17	7604	15:04:41
3_	14	1	1	7	7	3482	15:04:41
3_	14	1	0	8	7	4438	15:04:41
3_	14	1	1	9	9	2138	15:04:41
3_	14	1	0	10	6	2762	15:04:41
3_	14	1	0	11	12	4077	15:04:41
3_	14	1	0	12	10	9504	15:04:41
3_	14	1	0	13	12	4358	15:04:41
3_	14	1	1	14	14	1818	15:04:41
3_	14	1	1	15	15	2304	15:04:41
3_	14	1	0	16	1	5558	15:04:41
3_	14	1	0	17	5	3651	15:04:41
3_	14	1	0	18	15	4290	15:04:41
3_	21	1	0	1	10	2583	12:02:01
3_	21	1	0	2	11	7995	12:02:01
3_	21	1	0	3	10	2960	12:02:01
3_	21	1	0	4	13	2242	12:02:01
3_	21	1	0	5	1	1867	12:02:01
3_	21	1	0	6	17	2783	12:02:01
3_	21	1	0	7	4	2610	12:02:01
3_	21	1	1	8	8	1171	12:02:01
3_	21	1	0	9	15	1636	12:02:01
3_	21	1	0	10	12	1799	12:02:01
3_	21	1	0	11	7	4061	12:02:01
3_	21	1	0	12	13	1890	12:02:01
3_	21	1	1	13	13	1274	12:02:01
3_	21	1	0	14	16	4113	12:02:01
3_	21	1	0	15	6	2131	12:02:01
3_	21	1	0	16	1	1528	12:02:01
3_	21	1	0	17	18	3035	12:02:01
3_	21	1	0	18	3	1351	12:02:01
3_	26	2	0	1	10	6646	12:47:48
3_	26	2	1	2	2	3695	12:47:48
3_	26	2	1	3	3	2093	12:47:48
3_	26	2	1	4	4	5614	12:47:48
3_	26	2	1	5	5	3410	12:47:48
3_	26	2	1	6	6	1516	12:47:48
3_	26	2	0	7	16	1981	12:47:48
3_	26	2	0	8	12	7994	12:47:48
3_	26	2	1	9	9	2120	12:47:48
3_	26	2	1	10	10	3169	12:47:48
3_	26	2	0	11	7	21860	12:47:48
3_	26	2	1	12	12	10703	12:47:48
3_	26	2	0	13	15	5970	12:47:48
3_	26	2	1	14	14	2115	12:47:48
3_	26	2	0	15	10	9644	12:47:48
3_	26	2	0	16	13	2339	12:47:48
3_	26	2	1	17	17	2332	12:47:48
3_	26	2	0	18	3	13442	12:47:48
3_	3	2	0	1	6	3450	14:38:49
3_	3	2	1	2	2	10823	14:38:49
3_	3	2	0	3	4	5580	14:38:49
3_	3	2	0	4	5	6891	14:38:49
3_	3	2	0	5	3	6590	14:38:49
3_	3	2	0	6	1	8264	14:38:49
3_	3	2	0	7	18	3855	14:38:49
3_	3	2	1	8	8	2724	14:38:49
3_	3	2	1	9	9	3236	14:38:49
3_	3	2	1	10	10	2049	14:38:49
3_	3	2	1	11	11	3063	14:38:49
3_	3	2	1	12	12	5106	14:38:49
3_	3	2	1	13	13	2075	14:38:49
3_	3	2	1	14	14	4565	14:38:49
3_	3	2	1	15	15	2096	14:38:49
3_	3	2	1	16	16	11441	14:38:49
3_	3	2	1	17	17	1843	14:38:49
3_	3	2	0	18	3	12875	14:38:49
3_	34	3	0	1	10	5458	15:01:40
3_	34	3	0	2	3	2069	15:01:40
3_	34	3	0	3	18	6310	15:01:40
3_	34	3	0	4	14	4930	15:01:40
3_	34	3	0	5	6	2127	15:01:40
3_	34	3	0	6	2	1923	15:01:40
3_	34	3	0	7	12	1939	15:01:40
3_	34	3	0	8	9	5254	15:01:40
3_	34	3	0	9	8	1778	15:01:40
3_	34	3	0	10	1	6767	15:01:40
3_	34	3	0	11	4	5777	15:01:40
3_	34	3	0	12	17	4662	15:01:40
3_	34	3	0	13	11	9663	15:01:40
3_	34	3	0	14	11	4957	15:01:40
3_	34	3	1	15	15	998	15:01:40
3_	34	3	1	16	16	2835	15:01:40
3_	34	3	0	17	13	1636	15:01:40
3_	34	3	0	18	12	2544	15:01:40
3_	8	1	0	1	5	4321	14:26:07
3_	8	1	0	2	3	2418	14:26:07
3_	8	1	0	3	7	1713	14:26:07
3_	8	1	0	4	1	2508	14:26:07
3_	8	1	0	5	4	1439	14:26:07
3_	8	1	0	6	1	4353	14:26:07
3_	8	1	0	7	9	3150	14:26:07
3_	8	1	0	8	12	2661	14:26:07
3_	8	1	0	9	8	3552	14:26:07
3_	8	1	0	10	14	1693	14:26:07
3_	8	1	0	11	2	3318	14:26:07
3_	8	1	0	12	10	2046	14:26:07
3_	8	1	0	13	18	2366	14:26:07
3_	8	1	0	14	16	3440	14:26:07
3_	8	1	1	15	15	2386	14:26:07
3_	8	1	0	16	6	3311	14:26:07
3_	8	1	1	17	17	3186	14:26:07
3_	8	1	0	18	13	2606	14:26:07
4_	12	3	1	1	1	1614	14:16:52
4_	12	3	0	2	3	3641	14:16:52
4_	12	3	0	3	2	1757	14:16:52
4_	12	3	0	4	1	2090	14:16:52
4_	12	3	0	5	13	2139	14:16:52
4_	12	3	0	6	10	1491	14:16:52
4_	12	3	0	7	12	1563	14:16:52
4_	12	3	0	8	9	3214	14:16:52
4_	12	3	0	9	15	2512	14:16:52
4_	12	3	1	10	10	3033	14:16:52
4_	12	3	0	11	13	5963	14:16:52
4_	12	3	0	12	3	2119	14:16:52
4_	12	3	0	13	4	3158	14:16:52
4_	12	3	0	14	11	2457	14:16:52
4_	12	3	0	15	5	3605	14:16:52
4_	12	3	0	16	8	2905	14:16:52
4_	12	3	0	17	6	2071	14:16:52
4_	12	3	1	18	18	2802	14:16:52
4_	14	3	1	1	1	2391	15:22:23
4_	14	3	1	2	2	12775	15:22:23
4_	14	3	0	3	9	17981	15:22:23
4_	14	3	1	4	4	11074	15:22:23
4_	14	3	1	5	5	4225	15:22:23
4_	14	3	0	6	7	2760	15:22:23
4_	14	3	0	7	10	10417	15:22:23
4_	14	3	1	8	8	2644	15:22:23
4_	14	3	0	9	5	5364	15:22:23
4_	14	3	0	10	3	4196	15:22:23
4_	14	3	1	11	11	2132	15:22:23
4_	14	3	0	12	13	4656	15:22:23
4_	14	3	1	13	13	3004	15:22:23
4_	14	3	1	14	14	4162	15:22:23
4_	14	3	1	15	15	1956	15:22:23
4_	14	3	1	16	16	3586	15:22:23
4_	14	3	1	17	17	1508	15:22:23
4_	14	3	1	18	18	4895	15:22:23
4_	21	2	0	1	10	3438	12:12:27
4_	21	2	0	2	18	1805	12:12:27
4_	21	2	0	3	7	1999	12:12:27
4_	21	2	1	4	4	993	12:12:27
4_	21	2	0	5	15	2501	12:12:27
4_	21	2	0	6	3	1208	12:12:27
4_	21	2	0	7	6	3254	12:12:27
4_	21	2	0	8	14	2016	12:12:27
4_	21	2	0	9	16	1666	12:12:27
4_	21	2	0	10	5	1617	12:12:27
4_	21	2	1	11	11	1229	12:12:27
4_	21	2	0	12	1	1956	12:12:27
4_	21	2	0	13	12	3088	12:12:27
4_	21	2	0	14	9	2191	12:12:27
4_	21	2	0	15	10	1653	12:12:27
4_	21	2	1	16	16	1438	12:12:27
4_	21	2	1	17	17	1082	12:12:27
4_	21	2	0	18	2	1510	12:12:27
4_	26	1	0	1	11	17719	12:37:45
4_	26	1	1	2	2	4552	12:37:45
4_	26	1	0	3	7	9435	12:37:45
4_	26	1	0	4	16	9279	12:37:45
4_	26	1	1	5	5	8596	12:37:45
4_	26	1	0	6	18	2546	12:37:45
4_	26	1	0	7	18	5418	12:37:45
4_	26	1	1	8	8	1889	12:37:45
4_	26	1	0	9	17	4400	12:37:45
4_	26	1	0	10	1	5265	12:37:45
4_	26	1	0	11	13	2868	12:37:45
4_	26	1	0	12	14	5179	12:37:45
4_	26	1	0	13	3	8781	12:37:45
4_	26	1	0	14	13	6805	12:37:45
4_	26	1	0	15	14	9733	12:37:45
4_	26	1	0	16	15	7524	12:37:45
4_	26	1	0	17	3	4135	12:37:45
4_	26	1	0	18	1	11612	12:37:45
4_	3	1	0	1	11	17336	14:28:26
4_	3	1	0	2	6	8694	14:28:26
4_	3	1	1	3	3	2500	14:28:26
4_	3	1	0	4	2	3274	14:28:26
4_	3	1	1	5	5	2913	14:28:26
4_	3	1	0	6	10	3874	14:28:26
4_	3	1	1	7	7	6186	14:28:26
4_	3	1	0	8	17	2867	14:28:26
4_	3	1	1	9	9	1036	14:28:26
4_	3	1	0	10	6	6767	14:28:26
4_	3	1	0	11	12	6447	14:28:26
4_	3	1	0	12	6	6167	14:28:26
4_	3	1	1	13	13	5665	14:28:26
4_	3	1	1	14	14	2013	14:28:26
4_	3	1	0	15	10	7637	14:28:26
4_	3	1	0	16	8	5098	14:28:26
4_	3	1	0	17	7	5770	14:28:26
4_	3	1	1	18	18	2058	14:28:26
4_	34	1	1	1	1	8488	14:25:43
4_	34	1	0	2	11	7348	14:25:43
4_	34	1	0	3	9	5649	14:25:43
4_	34	1	0	4	1	2784	14:25:43
4_	34	1	1	5	5	1890	14:25:43
4_	34	1	0	6	16	2113	14:25:43
4_	34	1	0	7	10	2748	14:25:43
4_	34	1	0	8	7	2216	14:25:43
4_	34	1	0	9	12	3556	14:25:43
4_	34	1	0	10	1	3578	14:25:43
4_	34	1	0	11	17	4072	14:25:43
4_	34	1	0	12	13	1856	14:25:43
4_	34	1	0	13	8	2602	14:25:43
4_	34	1	0	14	15	3018	14:25:43
4_	34	1	1	15	15	1426	14:25:43
4_	34	1	1	16	16	2985	14:25:43
4_	34	1	0	17	3	3868	14:25:43
4_	34	1	1	18	18	2843	14:25:43
4_	8	3	0	1	5	2563	14:42:05
4_	8	3	0	2	17	2549	14:42:05
4_	8	3	0	3	7	2153	14:42:05
4_	8	3	0	4	1	2815	14:42:05
4_	8	3	0	5	12	2663	14:42:05
4_	8	3	0	6	12	1100	14:42:05
4_	8	3	0	7	18	2634	14:42:05
4_	8	3	0	8	6	1373	14:42:05
4_	8	3	0	9	14	1708	14:42:05
4_	8	3	0	10	15	1787	14:42:05
4_	8	3	0	11	8	1681	14:42:05
4_	8	3	1	12	12	1918	14:42:05
4_	8	3	0	13	6	1791	14:42:05
4_	8	3	0	14	4	1312	14:42:05
4_	8	3	0	15	9	1091	14:42:05
4_	8	3	0	16	18	1962	14:42:05
4_	8	3	0	17	2	1670	14:42:05
4_	8	3	0	18	3	1044	14:42:05
2_	1	2	1	1	1	4727	14:39:28
2_	1	2	0	2	3	5422	14:39:28
2_	1	2	0	3	6	8411	14:39:28
2_	1	2	1	4	4	3476	14:39:28
2_	1	2	0	5	2	6244	14:39:28
2_	1	2	0	6	5	7280	14:39:28
2_	1	2	1	7	7	3078	14:39:28
2_	1	2	0	8	3	16079	14:39:28
2_	1	2	1	9	9	1955	14:39:28
2_	1	2	0	10	14	7359	14:39:28
2_	1	2	1	11	11	2305	14:39:28
2_	1	2	1	12	12	20726	14:39:28
2_	1	2	1	13	13	3155	14:39:28
2_	1	2	0	14	16	12690	14:39:28
2_	1	2	0	15	12	8170	14:39:28
2_	1	2	1	16	16	2640	14:39:28
2_	1	2	0	17	10	17508	14:39:28
2_	1	2	0	18	8	6903	14:39:28
2_	10	1	1	1	1	2146	14:22:39
2_	10	1	1	2	2	7232	14:22:39
2_	10	1	0	3	2	7755	14:22:39
2_	10	1	1	4	4	5351	14:22:39
2_	10	1	1	5	5	2308	14:22:39
2_	10	1	1	6	6	4705	14:22:39
2_	10	1	1	7	7	2934	14:22:39
2_	10	1	0	8	3	7235	14:22:39
2_	10	1	1	9	9	1848	14:22:39
2_	10	1	1	10	10	7907	14:22:39
2_	10	1	1	11	11	6232	14:22:39
2_	10	1	1	12	12	12810	14:22:39
2_	10	1	1	13	13	2723	14:22:39
2_	10	1	0	14	15	6833	14:22:39
2_	10	1	1	15	15	7243	14:22:39
2_	10	1	1	16	16	28581	14:22:39
2_	10	1	1	17	17	1466	14:22:39
2_	10	1	1	18	18	2383	14:22:39
2_	17	3	0	1	13	6637	17:05:43
2_	17	3	1	2	2	4090	17:05:43
2_	17	3	0	3	16	5523	17:05:43
2_	17	3	0	4	5	3674	17:05:43
2_	17	3	0	5	3	3154	17:05:43
2_	17	3	0	6	1	3344	17:05:43
2_	17	3	1	7	7	1976	17:05:43
2_	17	3	1	8	8	3359	17:05:43
2_	17	3	0	9	4	5355	17:05:43
2_	17	3	0	10	14	2813	17:05:43
2_	17	3	1	11	11	5260	17:05:43
2_	17	3	0	12	9	8116	17:05:43
2_	17	3	0	13	6	8771	17:05:43
2_	17	3	0	14	12	4681	17:05:43
2_	17	3	1	15	15	3056	17:05:43
2_	17	3	0	16	10	24776	17:05:43
2_	17	3	1	17	17	5613	17:05:43
2_	17	3	1	18	18	2329	17:05:43
2_	18	3	1	1	1	2097	17:45:23
2_	18	3	1	2	2	2116	17:45:23
2_	18	3	0	3	6	13956	17:45:23
2_	18	3	1	4	4	1729	17:45:23
2_	18	3	0	5	3	4398	17:45:23
2_	18	3	1	6	6	4989	17:45:23
2_	18	3	1	7	7	1884	17:45:23
2_	18	3	1	8	8	2826	17:45:23
2_	18	3	1	9	9	2210	17:45:23
2_	18	3	1	10	10	3434	17:45:23
2_	18	3	1	11	11	8055	17:45:23
2_	18	3	1	12	12	4876	17:45:23
2_	18	3	1	13	13	2035	17:45:23
2_	18	3	0	14	10	4032	17:45:23
2_	18	3	1	15	15	1643	17:45:23
2_	18	3	0	16	14	13500	17:45:23
2_	18	3	1	17	17	1779	17:45:23
2_	18	3	1	18	18	8768	17:45:23
2_	19	3	1	1	1	2375	12:45:54
2_	19	3	1	2	2	3357	12:45:54
2_	19	3	1	3	3	9589	12:45:54
2_	19	3	1	4	4	3269	12:45:54
2_	19	3	1	5	5	5925	12:45:54
2_	19	3	0	6	5	5369	12:45:54
2_	19	3	1	7	7	2796	12:45:54
2_	19	3	1	8	8	7106	12:45:54
2_	19	3	1	9	9	1728	12:45:54
2_	19	3	1	10	10	2234	12:45:54
2_	19	3	1	11	11	3062	12:45:54
2_	19	3	1	12	12	8736	12:45:54
2_	19	3	1	13	13	4882	12:45:54
2_	19	3	1	14	14	2631	12:45:54
2_	19	3	1	15	15	3872	12:45:54
2_	19	3	1	16	16	1952	12:45:54
2_	19	3	1	17	17	2430	12:45:54
2_	19	3	1	18	18	1465	12:45:54
2_	24	1	0	1	5	17303	12:58:09
2_	24	1	0	2	11	19554	12:58:09
2_	24	1	1	3	3	1950	12:58:09
2_	24	1	0	4	17	12092	12:58:09
2_	24	1	0	5	1	5892	12:58:09
2_	24	1	0	6	4	12318	12:58:09
2_	24	1	1	7	7	5013	12:58:09
2_	24	1	0	8	18	8719	12:58:09
2_	24	1	0	9	18	4887	12:58:09
2_	24	1	1	10	10	12492	12:58:09
2_	24	1	0	11	17	3115	12:58:09
2_	24	1	1	12	12	2428	12:58:09
2_	24	1	1	13	13	7635	12:58:09
2_	24	1	1	14	14	3581	12:58:09
2_	24	1	1	15	15	2164	12:58:09
2_	24	1	0	16	10	2300	12:58:09
2_	24	1	0	17	6	5473	12:58:09
2_	24	1	1	18	18	1613	12:58:09
2_	29	2	1	1	1	3954	13:36:04
2_	29	2	1	2	2	6990	13:36:04
2_	29	2	0	3	14	2417	13:36:04
2_	29	2	1	4	4	2312	13:36:04
2_	29	2	1	5	5	1897	13:36:04
2_	29	2	0	6	10	3561	13:36:04
2_	29	2	0	7	3	2571	13:36:04
2_	29	2	0	8	9	3712	13:36:04
2_	29	2	1	9	9	1552	13:36:04
2_	29	2	0	10	16	5488	13:36:04
2_	29	2	1	11	11	2774	13:36:04
2_	29	2	1	12	12	1626	13:36:04
2_	29	2	0	13	7	8433	13:36:04
2_	29	2	0	14	10	3013	13:36:04
2_	29	2	1	15	15	1349	13:36:04
2_	29	2	0	16	6	2875	13:36:04
2_	29	2	0	17	11	1677	13:36:04
2_	29	2	0	18	8	5220	13:36:04
2_	32	2	1	1	1	3243	14:11:14
2_	32	2	0	2	10	16565	14:11:14
2_	32	2	1	3	3	4069	14:11:14
2_	32	2	1	4	4	8590	14:11:14
2_	32	2	1	5	5	1787	14:11:14
2_	32	2	1	6	6	4979	14:11:14
2_	32	2	1	7	7	9952	14:11:14
2_	32	2	0	8	9	3014	14:11:14
2_	32	2	1	9	9	1770	14:11:14
2_	32	2	0	10	8	6976	14:11:14
2_	32	2	0	11	17	1978	14:11:14
2_	32	2	0	12	18	3837	14:11:14
2_	32	2	1	13	13	1911	14:11:14
2_	32	2	1	14	14	2668	14:11:14
2_	32	2	1	15	15	2684	14:11:14
2_	32	2	0	16	12	13633	14:11:14
2_	32	2	0	17	16	12298	14:11:14
2_	32	2	0	18	7	5378	14:11:14
2_	33	2	1	1	1	3921	15:11:50
2_	33	2	0	2	4	6135	15:11:50
2_	33	2	1	3	3	7446	15:11:50
2_	33	2	0	4	8	3557	15:11:50
2_	33	2	1	5	5	4474	15:11:50
2_	33	2	0	6	4	8339	15:11:50
2_	33	2	1	7	7	1763	15:11:50
2_	33	2	0	8	2	11725	15:11:50
2_	33	2	1	9	9	1786	15:11:50
2_	33	2	0	10	16	6587	15:11:50
2_	33	2	1	11	11	3301	15:11:50
2_	33	2	0	12	18	4476	15:11:50
2_	33	2	1	13	13	2827	15:11:50
2_	33	2	1	14	14	8416	15:11:50
2_	33	2	1	15	15	1854	15:11:50
2_	33	2	0	16	14	5004	15:11:50
2_	33	2	1	17	17	3990	15:11:50
2_	33	2	1	18	18	3080	15:11:50
2_	36	1	0	1	10	10771	15:10:26
2_	36	1	0	2	7	3415	15:10:26
2_	36	1	0	3	2	3684	15:10:26
2_	36	1	1	4	4	4850	15:10:26
2_	36	1	0	5	1	3220	15:10:26
2_	36	1	0	6	8	4378	15:10:26
2_	36	1	0	7	5	5644	15:10:26
2_	36	1	1	8	8	2974	15:10:26
2_	36	1	1	9	9	4835	15:10:26
2_	36	1	1	10	10	2793	15:10:26
2_	36	1	1	11	11	964	15:10:26
2_	36	1	1	12	12	4037	15:10:26
2_	36	1	1	13	13	1948	15:10:26
2_	36	1	0	14	10	5000	15:10:26
2_	36	1	0	15	10	14614	15:10:26
2_	36	1	0	16	5	4552	15:10:26
2_	36	1	1	17	17	9232	15:10:26
2_	36	1	1	18	18	3159	15:10:26
2_	6	2	1	1	1	1754	16:04:49
2_	6	2	0	2	14	7750	16:04:49
2_	6	2	0	3	2	8156	16:04:49
2_	6	2	1	4	4	2171	16:04:49
2_	6	2	1	5	5	7840	16:04:49
2_	6	2	1	6	6	10252	16:04:49
2_	6	2	1	7	7	1610	16:04:49
2_	6	2	1	8	8	3899	16:04:49
2_	6	2	0	9	6	15828	16:04:49
2_	6	2	1	10	10	2890	16:04:49
2_	6	2	0	11	4	12395	16:04:49
2_	6	2	1	12	12	8193	16:04:49
2_	6	2	1	13	13	1923	16:04:49
2_	6	2	0	14	17	9113	16:04:49
2_	6	2	1	15	15	2979	16:04:49
2_	6	2	1	16	16	1678	16:04:49
2_	6	2	1	17	17	5451	16:04:49
2_	6	2	1	18	18	31433	16:04:49
2_	9	1	1	1	1	17107	15:01:53
2_	9	1	1	2	2	3517	15:01:53
2_	9	1	1	3	3	3399	15:01:53
2_	9	1	1	4	4	4988	15:01:53
2_	9	1	0	5	6	7296	15:01:53
2_	9	1	0	6	2	13064	15:01:53
2_	9	1	0	7	8	17218	15:01:53
2_	9	1	0	8	17	8156	15:01:53
2_	9	1	1	9	9	2393	15:01:53
2_	9	1	0	10	5	7822	15:01:53
2_	9	1	1	11	11	2442	15:01:53
2_	9	1	1	12	12	3360	15:01:53
2_	9	1	1	13	13	3290	15:01:53
2_	9	1	1	14	14	6387	15:01:53
2_	9	1	1	15	15	3108	15:01:53
2_	9	1	1	16	16	1726	15:01:53
2_	9	1	1	17	17	8579	15:01:53
2_	9	1	1	18	18	11423	15:01:53
3_	1	3	0	1	6	4315	14:49:08
3_	1	3	0	2	6	4531	14:49:08
3_	1	3	0	3	2	8473	14:49:08
3_	1	3	1	4	4	6153	14:49:08
3_	1	3	0	5	17	3660	14:49:08
3_	1	3	0	6	3	2331	14:49:08
3_	1	3	1	7	7	1584	14:49:08
3_	1	3	1	8	8	2472	14:49:08
3_	1	3	0	9	12	5928	14:49:08
3_	1	3	0	10	18	6364	14:49:08
3_	1	3	0	11	13	9877	14:49:08
3_	1	3	0	12	14	1730	14:49:08
3_	1	3	1	13	13	2288	14:49:08
3_	1	3	0	14	5	8377	14:49:08
3_	1	3	1	15	15	2156	14:49:08
3_	1	3	1	16	16	10001	14:49:08
3_	1	3	0	17	11	1816	14:49:08
3_	1	3	0	18	10	2770	14:49:08
3_	10	2	1	1	1	7327	14:34:25
3_	10	2	1	2	2	2045	14:34:25
3_	10	2	1	3	3	1430	14:34:25
3_	10	2	1	4	4	1568	14:34:25
3_	10	2	1	5	5	1891	14:34:25
3_	10	2	1	6	6	9715	14:34:25
3_	10	2	1	7	7	1995	14:34:25
3_	10	2	1	8	8	1949	14:34:25
3_	10	2	1	9	9	2384	14:34:25
3_	10	2	1	10	10	2754	14:34:25
3_	10	2	1	11	11	3113	14:34:25
3_	10	2	1	12	12	3991	14:34:25
3_	10	2	1	13	13	1797	14:34:25
3_	10	2	1	14	14	1855	14:34:25
3_	10	2	0	15	18	17488	14:34:25
3_	10	2	1	16	16	6224	14:34:25
3_	10	2	1	17	17	1512	14:34:25
3_	10	2	1	18	18	34220	14:34:25
3_	17	1	0	1	16	8834	16:48:23
3_	17	1	0	2	3	3292	16:48:23
3_	17	1	0	3	2	3568	16:48:23
3_	17	1	0	4	12	2678	16:48:23
3_	17	1	1	5	5	2136	16:48:23
3_	17	1	0	6	13	3364	16:48:23
3_	17	1	0	7	17	1942	16:48:23
3_	17	1	0	8	9	3215	16:48:23
3_	17	1	0	9	7	2218	16:48:23
3_	17	1	1	10	10	2511	16:48:23
3_	17	1	1	11	11	6722	16:48:23
3_	17	1	0	12	4	7770	16:48:23
3_	17	1	0	13	6	2851	16:48:23
3_	17	1	0	14	15	2818	16:48:23
3_	17	1	1	15	15	2121	16:48:23
3_	17	1	0	16	1	3154	16:48:23
3_	17	1	0	17	11	4519	16:48:23
3_	17	1	0	18	4	3656	16:48:23
3_	18	1	1	1	1	3530	17:25:56
3_	18	1	0	2	12	9135	17:25:56
3_	18	1	0	3	17	5411	17:25:56
3_	18	1	0	4	3	7168	17:25:56
3_	18	1	0	5	15	8000	17:25:56
3_	18	1	1	6	6	4044	17:25:56
3_	18	1	1	7	7	1918	17:25:56
3_	18	1	1	8	8	1692	17:25:56
3_	18	1	0	9	18	6659	17:25:56
3_	18	1	1	10	10	3119	17:25:56
3_	18	1	0	11	13	5687	17:25:56
3_	18	1	1	12	12	2922	17:25:56
3_	18	1	0	13	9	5676	17:25:56
3_	18	1	0	14	11	5091	17:25:56
3_	18	1	0	15	11	8532	17:25:56
3_	18	1	0	16	5	9495	17:25:56
3_	18	1	0	17	2	2575	17:25:56
3_	18	1	0	18	17	3246	17:25:56
3_	19	1	1	1	1	2547	12:25:51
3_	19	1	0	2	6	2489	12:25:51
3_	19	1	0	3	5	3184	12:25:51
3_	19	1	1	4	4	2178	12:25:51
3_	19	1	0	5	3	9483	12:25:51
3_	19	1	0	6	2	7484	12:25:51
3_	19	1	1	7	7	2177	12:25:51
3_	19	1	1	8	8	12222	12:25:51
3_	19	1	1	9	9	2988	12:25:51
3_	19	1	1	10	10	5326	12:25:51
3_	19	1	0	11	13	3938	12:25:51
3_	19	1	0	12	11	7734	12:25:51
3_	19	1	0	13	16	2953	12:25:51
3_	19	1	1	14	14	12406	12:25:51
3_	19	1	1	15	15	2019	12:25:51
3_	19	1	1	16	16	3708	12:25:51
3_	19	1	1	17	17	1966	12:25:51
3_	19	1	1	18	18	2118	12:25:51
3_	24	2	1	1	1	1545	13:09:31
3_	24	2	0	2	6	1945	13:09:31
3_	24	2	1	3	3	1951	13:09:31
3_	24	2	0	4	5	2989	13:09:31
3_	24	2	0	5	4	2270	13:09:31
3_	24	2	0	6	2	2175	13:09:31
3_	24	2	1	7	7	1453	13:09:31
3_	24	2	1	8	8	2188	13:09:31
3_	24	2	1	9	9	2383	13:09:31
3_	24	2	0	10	14	3984	13:09:31
3_	24	2	0	11	12	10076	13:09:31
3_	24	2	0	12	16	4804	13:09:31
3_	24	2	0	13	5	5688	13:09:31
3_	24	2	0	14	11	1903	13:09:31
3_	24	2	1	15	15	1604	13:09:31
3_	24	2	0	16	13	11081	13:09:31
3_	24	2	1	17	17	1758	13:09:31
3_	24	2	0	18	12	2178	13:09:31
3_	29	3	0	1	5	10021	13:44:34
3_	29	3	0	2	18	3091	13:44:34
3_	29	3	1	3	3	1885	13:44:34
3_	29	3	1	4	4	2228	13:44:34
3_	29	3	0	5	17	3442	13:44:34
3_	29	3	0	6	1	3219	13:44:34
3_	29	3	1	7	7	2629	13:44:34
3_	29	3	0	8	12	2059	13:44:34
3_	29	3	0	9	13	2636	13:44:34
3_	29	3	0	10	15	3142	13:44:34
3_	29	3	0	11	10	2163	13:44:34
3_	29	3	1	12	12	1713	13:44:34
3_	29	3	0	13	9	1714	13:44:34
3_	29	3	0	14	8	3458	13:44:34
3_	29	3	0	15	11	2719	13:44:34
3_	29	3	0	16	9	1562	13:44:34
3_	29	3	0	17	2	3633	13:44:34
3_	29	3	0	18	16	1892	13:44:34
3_	32	3	1	1	1	4760	14:20:31
3_	32	3	0	2	4	15650	14:20:31
3_	32	3	1	3	3	1924	14:20:31
3_	32	3	0	4	2	10577	14:20:31
3_	32	3	1	5	5	7672	14:20:31
3_	32	3	0	6	18	14630	14:20:31
3_	32	3	1	7	7	2056	14:20:31
3_	32	3	1	8	8	3116	14:20:31
3_	32	3	1	9	9	2636	14:20:31
3_	32	3	1	10	10	7679	14:20:31
3_	32	3	1	11	11	10756	14:20:31
3_	32	3	1	12	12	2336	14:20:31
3_	32	3	1	13	13	2265	14:20:31
3_	32	3	0	14	18	11402	14:20:31
3_	32	3	1	15	15	1631	14:20:31
3_	32	3	1	16	16	6826	14:20:31
3_	32	3	1	17	17	1362	14:20:31
3_	32	3	1	18	18	16081	14:20:31
3_	33	3	0	1	5	4355	15:20:49
3_	33	3	0	2	1	15328	15:20:49
3_	33	3	1	3	3	4956	15:20:49
3_	33	3	1	4	4	1484	15:20:49
3_	33	3	0	5	1	5632	15:20:49
3_	33	3	0	6	2	6835	15:20:49
3_	33	3	0	7	10	4185	15:20:49
3_	33	3	1	8	8	1301	15:20:49
3_	33	3	0	9	12	4465	15:20:49
3_	33	3	0	10	7	6890	15:20:49
3_	33	3	1	11	11	1560	15:20:49
3_	33	3	0	12	9	9162	15:20:49
3_	33	3	0	13	9	5965	15:20:49
3_	33	3	0	14	6	5886	15:20:49
3_	33	3	1	15	15	1159	15:20:49
3_	33	3	0	16	13	4571	15:20:49
3_	33	3	1	17	17	2988	15:20:49
3_	33	3	0	18	14	7572	15:20:49
3_	36	3	0	1	5	1905	15:43:39
3_	36	3	1	2	2	2991	15:43:39
3_	36	3	1	3	3	5993	15:43:39
3_	36	3	1	4	4	1532	15:43:39
3_	36	3	0	5	1	6704	15:43:39
3_	36	3	0	6	1	4070	15:43:39
3_	36	3	1	7	7	1958	15:43:39
3_	36	3	1	8	8	1768	15:43:39
3_	36	3	1	9	9	2343	15:43:39
3_	36	3	1	10	10	3908	15:43:39
3_	36	3	0	11	13	1604	15:43:39
3_	36	3	0	12	16	4230	15:43:39
3_	36	3	0	13	11	8263	15:43:39
3_	36	3	1	14	14	1753	15:43:39
3_	36	3	1	15	15	4028	15:43:39
3_	36	3	0	16	12	8332	15:43:39
3_	36	3	1	17	17	2105	15:43:39
3_	36	3	1	18	18	4983	15:43:39
3_	6	1	1	1	1	4005	15:52:08
3_	6	1	0	2	18	4736	15:52:08
3_	6	1	1	3	3	3409	15:52:08
3_	6	1	0	4	2	6625	15:52:08
3_	6	1	0	5	1	2041	15:52:08
3_	6	1	0	6	11	11528	15:52:08
3_	6	1	0	7	16	4755	15:52:08
3_	6	1	1	8	8	1706	15:52:08
3_	6	1	1	9	9	2103	15:52:08
3_	6	1	0	10	14	1486	15:52:08
3_	6	1	0	11	12	2556	15:52:08
3_	6	1	0	12	13	4203	15:52:08
3_	6	1	0	13	5	5129	15:52:08
3_	6	1	0	14	3	5894	15:52:08
3_	6	1	0	15	5	2959	15:52:08
3_	6	1	0	16	12	6672	15:52:08
3_	6	1	1	17	17	1623	15:52:08
3_	6	1	0	18	6	8670	15:52:08
3_	9	2	1	1	1	1897	15:13:57
3_	9	2	1	2	2	1892	15:13:57
3_	9	2	0	3	18	30435	15:13:57
3_	9	2	1	4	4	11757	15:13:57
3_	9	2	0	5	3	2552	15:13:57
3_	9	2	0	6	14	9958	15:13:57
3_	9	2	1	7	7	12413	15:13:57
3_	9	2	1	8	8	2612	15:13:57
3_	9	2	1	9	9	3776	15:13:57
3_	9	2	0	10	12	10509	15:13:57
3_	9	2	1	11	11	5129	15:13:57
3_	9	2	0	12	18	5207	15:13:57
3_	9	2	1	13	13	6392	15:13:57
3_	9	2	0	14	10	4667	15:13:57
3_	9	2	0	15	14	7739	15:13:57
3_	9	2	0	16	7	4684	15:13:57
3_	9	2	1	17	17	2064	15:13:57
3_	9	2	0	18	13	8967	15:13:57
4_	1	4	0	1	8	7524	14:57:43
4_	1	4	0	2	11	4168	14:57:43
4_	1	4	0	3	7	3514	14:57:43
4_	1	4	1	4	4	1354	14:57:43
4_	1	4	0	5	10	4128	14:57:43
4_	1	4	1	6	6	1820	14:57:43
4_	1	4	0	7	3	3500	14:57:43
4_	1	4	0	8	18	2249	14:57:43
4_	1	4	0	9	1	2903	14:57:43
4_	1	4	0	10	14	2388	14:57:43
4_	1	4	0	11	12	2303	14:57:43
4_	1	4	0	12	5	1572	14:57:43
4_	1	4	0	13	16	5216	14:57:43
4_	1	4	0	14	9	2002	14:57:43
4_	1	4	0	15	10	1352	14:57:43
4_	1	4	0	16	7	3254	14:57:43
4_	1	4	0	17	2	2441	14:57:43
4_	1	4	1	18	18	1781	14:57:43
4_	10	3	1	1	1	1396	14:43:22
4_	10	3	1	2	2	2365	14:43:22
4_	10	3	1	3	3	1990	14:43:22
4_	10	3	1	4	4	21528	14:43:22
4_	10	3	1	5	5	1660	14:43:22
4_	10	3	1	6	6	3480	14:43:22
4_	10	3	0	7	12	5653	14:43:22
4_	10	3	1	8	8	1977	14:43:22
4_	10	3	1	9	9	5277	14:43:22
4_	10	3	1	10	10	3797	14:43:22
4_	10	3	1	11	11	2107	14:43:22
4_	10	3	1	12	12	3737	14:43:22
4_	10	3	1	13	13	2152	14:43:22
4_	10	3	1	14	14	2553	14:43:22
4_	10	3	1	15	15	9516	14:43:22
4_	10	3	1	16	16	1660	14:43:22
4_	10	3	1	17	17	1647	14:43:22
4_	10	3	1	18	18	4632	14:43:22
4_	17	2	1	1	1	1958	16:57:16
4_	17	2	1	2	2	2668	16:57:16
4_	17	2	1	3	3	3788	16:57:16
4_	17	2	0	4	5	4349	16:57:16
4_	17	2	0	5	7	2307	16:57:16
4_	17	2	0	6	10	2704	16:57:16
4_	17	2	0	7	13	4196	16:57:16
4_	17	2	1	8	8	1907	16:57:16
4_	17	2	0	9	6	5615	16:57:16
4_	17	2	0	10	6	1763	16:57:16
4_	17	2	1	11	11	4797	16:57:16
4_	17	2	1	12	12	2929	16:57:16
4_	17	2	0	13	17	3927	16:57:16
4_	17	2	1	14	14	6268	16:57:16
4_	17	2	0	15	17	1572	16:57:16
4_	17	2	1	16	16	1754	16:57:16
4_	17	2	0	17	18	5030	16:57:16
4_	17	2	0	18	13	6931	16:57:16
4_	18	2	1	1	1	2760	17:36:42
4_	18	2	1	2	2	2522	17:36:42
4_	18	2	1	3	3	3490	17:36:42
4_	18	2	1	4	4	2581	17:36:42
4_	18	2	1	5	5	7603	17:36:42
4_	18	2	0	6	16	2694	17:36:42
4_	18	2	0	7	10	6086	17:36:42
4_	18	2	1	8	8	6043	17:36:42
4_	18	2	0	9	5	6266	17:36:42
4_	18	2	0	10	17	6081	17:36:42
4_	18	2	1	11	11	4030	17:36:42
4_	18	2	1	12	12	1513	17:36:42
4_	18	2	0	13	10	5746	17:36:42
4_	18	2	1	14	14	4697	17:36:42
4_	18	2	0	15	17	3730	17:36:42
4_	18	2	0	16	13	5271	17:36:42
4_	18	2	0	17	15	3543	17:36:42
4_	18	2	0	18	7	2832	17:36:42
4_	19	2	1	1	1	2481	12:37:25
4_	19	2	1	2	2	4677	12:37:25
4_	19	2	1	3	3	2737	12:37:25
4_	19	2	1	4	4	2383	12:37:25
4_	19	2	1	5	5	2578	12:37:25
4_	19	2	1	6	6	3912	12:37:25
4_	19	2	1	7	7	2842	12:37:25
4_	19	2	1	8	8	6289	12:37:25
4_	19	2	1	9	9	3025	12:37:25
4_	19	2	1	10	10	4759	12:37:25
4_	19	2	1	11	11	2056	12:37:25
4_	19	2	1	12	12	2273	12:37:25
4_	19	2	1	13	13	2641	12:37:25
4_	19	2	1	14	14	6559	12:37:25
4_	19	2	1	15	15	2537	12:37:25
4_	19	2	1	16	16	5795	12:37:25
4_	19	2	1	17	17	1784	12:37:25
4_	19	2	1	18	18	5043	12:37:25
4_	24	3	0	1	12	3782	13:18:15
4_	24	3	1	2	2	2330	13:18:15
4_	24	3	1	3	3	2102	13:18:15
4_	24	3	1	4	4	1716	13:18:15
4_	24	3	1	5	5	4172	13:18:15
4_	24	3	0	6	18	8970	13:18:15
4_	24	3	1	7	7	1587	13:18:15
4_	24	3	0	8	7	4198	13:18:15
4_	24	3	1	9	9	3035	13:18:15
4_	24	3	1	10	10	1672	13:18:15
4_	24	3	1	11	11	1090	13:18:15
4_	24	3	0	12	18	14567	13:18:15
4_	24	3	1	13	13	1927	13:18:15
4_	24	3	1	14	14	1824	13:18:15
4_	24	3	1	15	15	7972	13:18:15
4_	24	3	1	16	16	1825	13:18:15
4_	24	3	1	17	17	2263	13:18:15
4_	24	3	0	18	6	4356	13:18:15
4_	29	1	0	1	7	7865	13:27:15
4_	29	1	0	2	6	8240	13:27:15
4_	29	1	0	3	18	4060	13:27:15
4_	29	1	0	4	17	6168	13:27:15
4_	29	1	0	5	15	2520	13:27:15
4_	29	1	0	6	10	1894	13:27:15
4_	29	1	0	7	9	1727	13:27:15
4_	29	1	1	8	8	4220	13:27:15
4_	29	1	0	9	5	2475	13:27:15
4_	29	1	0	10	3	2674	13:27:15
4_	29	1	0	11	10	1722	13:27:15
4_	29	1	0	12	16	2156	13:27:15
4_	29	1	0	13	16	1373	13:27:15
4_	29	1	0	14	10	3498	13:27:15
4_	29	1	0	15	3	1891	13:27:15
4_	29	1	0	16	5	1883	13:27:15
4_	29	1	0	17	2	1999	13:27:15
4_	29	1	0	18	5	1336	13:27:15
4_	32	1	1	1	1	5605	14:01:35
4_	32	1	0	2	13	7843	14:01:35
4_	32	1	0	3	1	5488	14:01:35
4_	32	1	1	4	4	4833	14:01:35
4_	32	1	1	5	5	3140	14:01:35
4_	32	1	0	6	16	5437	14:01:35
4_	32	1	0	7	13	9760	14:01:35
4_	32	1	1	8	8	2150	14:01:35
4_	32	1	1	9	9	4528	14:01:35
4_	32	1	1	10	10	2083	14:01:35
4_	32	1	1	11	11	4871	14:01:35
4_	32	1	1	12	12	4184	14:01:35
4_	32	1	0	13	6	10514	14:01:35
4_	32	1	0	14	4	3138	14:01:35
4_	32	1	1	15	15	2523	14:01:35
4_	32	1	0	16	17	12428	14:01:35
4_	32	1	1	17	17	1598	14:01:35
4_	32	1	0	18	7	9109	14:01:35
4_	33	1	0	1	6	8175	14:49:45
4_	33	1	0	2	10	9404	14:49:45
4_	33	1	0	3	9	6530	14:49:45
4_	33	1	0	4	15	4906	14:49:45
4_	33	1	0	5	17	2420	14:49:45
4_	33	1	0	6	4	3659	14:49:45
4_	33	1	0	7	12	1966	14:49:45
4_	33	1	0	8	2	2497	14:49:45
4_	33	1	0	9	1	3088	14:49:45
4_	33	1	0	10	18	1841	14:49:45
4_	33	1	0	11	5	1996	14:49:45
4_	33	1	0	12	14	1700	14:49:45
4_	33	1	0	13	3	2140	14:49:45
4_	33	1	0	14	18	2421	14:49:45
4_	33	1	0	15	11	1246	14:49:45
4_	33	1	0	16	7	3074	14:49:45
4_	33	1	1	17	17	3587	14:49:45
4_	33	1	0	18	16	2765	14:49:45
4_	36	2	1	1	1	1402	15:35:07
4_	36	2	0	2	3	4877	15:35:07
4_	36	2	0	3	6	2123	15:35:07
4_	36	2	0	4	10	4884	15:35:07
4_	36	2	0	5	7	2896	15:35:07
4_	36	2	1	6	6	10205	15:35:07
4_	36	2	0	7	10	5856	15:35:07
4_	36	2	0	8	7	2746	15:35:07
4_	36	2	1	9	9	3253	15:35:07
4_	36	2	0	10	5	7049	15:35:07
4_	36	2	1	11	11	1758	15:35:07
4_	36	2	0	12	7	8754	15:35:07
4_	36	2	1	13	13	1776	15:35:07
4_	36	2	1	14	14	3960	15:35:07
4_	36	2	1	15	15	2350	15:35:07
4_	36	2	1	16	16	1961	15:35:07
4_	36	2	0	17	10	8515	15:35:07
4_	36	2	1	18	18	1841	15:35:07
4_	6	3	1	1	1	1632	16:14:19
4_	6	3	0	2	3	7202	16:14:19
4_	6	3	1	3	3	19800	16:14:19
4_	6	3	1	4	4	10287	16:14:19
4_	6	3	1	5	5	1904	16:14:19
4_	6	3	1	6	6	4206	16:14:19
4_	6	3	1	7	7	1986	16:14:19
4_	6	3	1	8	8	2358	16:14:19
4_	6	3	0	9	18	7892	16:14:19
4_	6	3	1	10	10	3315	16:14:19
4_	6	3	1	11	11	1829	16:14:19
4_	6	3	1	12	12	12115	16:14:19
4_	6	3	1	13	13	2157	16:14:19
4_	6	3	1	14	14	8482	16:14:19
4_	6	3	1	15	15	8013	16:14:19
4_	6	3	0	16	9	7670	16:14:19
4_	6	3	0	17	9	3927	16:14:19
4_	6	3	1	18	18	6195	16:14:19
4_	9	3	0	1	14	6779	15:23:31
4_	9	3	1	2	2	3952	15:23:31
4_	9	3	0	3	10	6879	15:23:31
4_	9	3	1	4	4	1778	15:23:31
4_	9	3	0	5	9	2455	15:23:31
4_	9	3	0	6	13	2098	15:23:31
4_	9	3	0	7	12	3165	15:23:31
4_	9	3	0	8	7	1607	15:23:31
4_	9	3	0	9	15	6072	15:23:31
4_	9	3	0	10	18	3377	15:23:31
4_	9	3	0	11	1	3026	15:23:31
4_	9	3	0	12	11	2026	15:23:31
4_	9	3	0	13	6	3720	15:23:31
4_	9	3	0	14	5	3979	15:23:31
4_	9	3	1	15	15	1857	15:23:31
4_	9	3	0	16	8	2158	15:23:31
4_	9	3	0	17	16	3825	15:23:31
4_	9	3	0	18	3	3743	15:23:31
2_	2	2	0	1	6	14752	14:24:41
2_	2	2	1	2	2	16252	14:24:41
2_	2	2	1	3	3	2387	14:24:41
2_	2	2	1	4	4	10389	14:24:41
2_	2	2	0	5	4	16311	14:24:41
2_	2	2	0	6	5	21842	14:24:41
2_	2	2	1	7	7	7393	14:24:41
2_	2	2	1	8	8	3334	14:24:41
2_	2	2	1	9	9	15124	14:24:41
2_	2	2	1	10	10	22666	14:24:41
2_	2	2	0	11	4	19028	14:24:41
2_	2	2	1	12	12	1786	14:24:41
2_	2	2	1	13	13	11429	14:24:41
2_	2	2	1	14	14	2300	14:24:41
2_	2	2	0	15	18	2195	14:24:41
2_	2	2	0	16	1	9042	14:24:41
2_	2	2	1	17	17	7041	14:24:41
2_	2	2	0	18	15	7139	14:24:41
2_	20	3	1	1	1	7486	12:32:19
2_	20	3	1	2	2	3299	12:32:19
2_	20	3	1	3	3	1654	12:32:19
2_	20	3	1	4	4	2822	12:32:19
2_	20	3	0	5	6	4378	12:32:19
2_	20	3	0	6	10	7724	12:32:19
2_	20	3	1	7	7	1052	12:32:19
2_	20	3	0	8	14	5012	12:32:19
2_	20	3	1	9	9	1696	12:32:19
2_	20	3	0	10	5	6431	12:32:19
2_	20	3	1	11	11	1756	12:32:19
2_	20	3	1	12	12	7550	12:32:19
2_	20	3	1	13	13	3185	12:32:19
2_	20	3	0	14	15	7311	12:32:19
2_	20	3	0	15	14	2926	12:32:19
2_	20	3	0	16	17	3477	12:32:19
2_	20	3	0	17	16	5509	12:32:19
2_	20	3	1	18	18	1739	12:32:19
2_	25	1	0	1	15	4075	12:44:07
2_	25	1	0	2	7	2794	12:44:07
2_	25	1	0	3	4	5051	12:44:07
2_	25	1	0	4	2	4797	12:44:07
2_	25	1	0	5	13	2828	12:44:07
2_	25	1	0	6	11	1375	12:44:07
2_	25	1	0	7	12	2294	12:44:07
2_	25	1	0	8	17	969	12:44:07
2_	25	1	0	9	8	2125	12:44:07
2_	25	1	0	10	15	1879	12:44:07
2_	25	1	0	11	6	1013	12:44:07
2_	25	1	0	12	5	1630	12:44:07
2_	25	1	0	13	9	2555	12:44:07
2_	25	1	0	14	18	2294	12:44:07
2_	25	1	0	15	4	1685	12:44:07
2_	25	1	0	16	14	6133	12:44:07
2_	25	1	0	17	9	2405	12:44:07
2_	25	1	0	18	12	1064	12:44:07
2_	30	1	0	1	5	6407	13:19:11
2_	30	1	1	2	2	4615	13:19:11
2_	30	1	1	3	3	6649	13:19:11
2_	30	1	0	4	2	4504	13:19:11
2_	30	1	0	5	17	7777	13:19:11
2_	30	1	0	6	1	5199	13:19:11
2_	30	1	0	7	15	2307	13:19:11
2_	30	1	0	8	5	5335	13:19:11
2_	30	1	0	9	13	3378	13:19:11
2_	30	1	0	10	14	5157	13:19:11
2_	30	1	0	11	18	2778	13:19:11
2_	30	1	0	12	7	4096	13:19:11
2_	30	1	1	13	13	1976	13:19:11
2_	30	1	0	14	4	1753	13:19:11
2_	30	1	0	15	9	1822	13:19:11
2_	30	1	0	16	8	1964	13:19:11
2_	30	1	0	17	6	2044	13:19:11
2_	30	1	0	18	13	1510	13:19:11
2_	37	1	1	1	1	3129	14:57:31
2_	37	1	1	2	2	4652	14:57:31
2_	37	1	1	3	3	5981	14:57:31
2_	37	1	0	4	6	18721	14:57:31
2_	37	1	1	5	5	2741	14:57:31
2_	37	1	1	6	6	28699	14:57:31
2_	37	1	1	7	7	1705	14:57:31
2_	37	1	1	8	8	5014	14:57:31
2_	37	1	1	9	9	1906	14:57:31
2_	37	1	1	10	10	1941	14:57:31
2_	37	1	1	11	11	1261	14:57:31
2_	37	1	1	12	12	1337	14:57:31
2_	37	1	1	13	13	3691	14:57:31
2_	37	1	1	14	14	3771	14:57:31
2_	37	1	1	15	15	2209	14:57:31
2_	37	1	0	16	4	12572	14:57:31
2_	37	1	1	17	17	1985	14:57:31
2_	37	1	1	18	18	1848	14:57:31
3_	2	3	1	1	1	1945	14:34:58
3_	2	3	0	2	3	2050	14:34:58
3_	2	3	0	3	2	4651	14:34:58
3_	2	3	0	4	15	13529	14:34:58
3_	2	3	0	5	6	7023	14:34:58
3_	2	3	0	6	4	1612	14:34:58
3_	2	3	1	7	7	1544	14:34:58
3_	2	3	1	8	8	1880	14:34:58
3_	2	3	1	9	9	2372	14:34:58
3_	2	3	0	10	1	4115	14:34:58
3_	2	3	0	11	17	2011	14:34:58
3_	2	3	1	12	12	1518	14:34:58
3_	2	3	1	13	13	1926	14:34:58
3_	2	3	1	14	14	1955	14:34:58
3_	2	3	0	15	10	7953	14:34:58
3_	2	3	1	16	16	9111	14:34:58
3_	2	3	0	17	16	11106	14:34:58
3_	2	3	1	18	18	6847	14:34:58
3_	20	1	1	1	1	2212	12:11:51
3_	20	1	1	2	2	3761	12:11:51
3_	20	1	0	3	4	7209	12:11:51
3_	20	1	0	4	16	5865	12:11:51
3_	20	1	1	5	5	2791	12:11:51
3_	20	1	0	6	3	5082	12:11:51
3_	20	1	1	7	7	11261	12:11:51
3_	20	1	1	8	8	1218	12:11:51
3_	20	1	0	9	13	7802	12:11:51
3_	20	1	1	10	10	4185	12:11:51
3_	20	1	0	11	18	11224	12:11:51
3_	20	1	1	12	12	2013	12:11:51
3_	20	1	1	13	13	2244	12:11:51
3_	20	1	1	14	14	2718	12:11:51
3_	20	1	1	15	15	1239	12:11:51
3_	20	1	0	16	11	8730	12:11:51
3_	20	1	1	17	17	2623	12:11:51
3_	20	1	0	18	3	8802	12:11:51
3_	25	3	1	1	1	1514	13:01:07
3_	25	3	0	2	7	3176	13:01:07
3_	25	3	0	3	12	2906	13:01:07
3_	25	3	0	4	2	3775	13:01:07
3_	25	3	0	5	11	1735	13:01:07
3_	25	3	0	6	13	3146	13:01:07
3_	25	3	0	7	15	5540	13:01:07
3_	25	3	0	8	5	2460	13:01:07
3_	25	3	0	9	3	1199	13:01:07
3_	25	3	0	10	4	1958	13:01:07
3_	25	3	0	11	5	1751	13:01:07
3_	25	3	0	12	18	2260	13:01:07
3_	25	3	0	13	6	3056	13:01:07
3_	25	3	0	14	1	2613	13:01:07
3_	25	3	0	15	18	2643	13:01:07
3_	25	3	0	16	6	2442	13:01:07
3_	25	3	0	17	8	1189	13:01:07
3_	25	3	0	18	15	1898	13:01:07
3_	30	3	0	1	5	1770	13:36:49
3_	30	3	1	2	2	2900	13:36:49
3_	30	3	0	3	12	5087	13:36:49
3_	30	3	0	4	18	1843	13:36:49
3_	30	3	0	5	3	2077	13:36:49
3_	30	3	0	6	12	1344	13:36:49
3_	30	3	0	7	12	2320	13:36:49
3_	30	3	0	8	13	3890	13:36:49
3_	30	3	1	9	9	3101	13:36:49
3_	30	3	1	10	10	2520	13:36:49
3_	30	3	0	11	8	3769	13:36:49
3_	30	3	0	12	6	4926	13:36:49
3_	30	3	0	13	15	1303	13:36:49
3_	30	3	0	14	1	4112	13:36:49
3_	30	3	0	15	7	2128	13:36:49
3_	30	3	0	16	13	2470	13:36:49
3_	30	3	0	17	1	793	13:36:49
3_	30	3	0	18	16	722	13:36:49
3_	37	3	1	1	1	4179	15:27:52
3_	37	3	1	2	2	2266	15:27:52
3_	37	3	1	3	3	2273	15:27:52
3_	37	3	1	4	4	5657	15:27:52
3_	37	3	1	5	5	3556	15:27:52
3_	37	3	1	6	6	1672	15:27:52
3_	37	3	1	7	7	2120	15:27:52
3_	37	3	1	8	8	1788	15:27:52
3_	37	3	1	9	9	5028	15:27:52
3_	37	3	1	10	10	3171	15:27:52
3_	37	3	0	11	12	14689	15:27:52
3_	37	3	1	12	12	1416	15:27:52
3_	37	3	1	13	13	1755	15:27:52
3_	37	3	1	14	14	1288	15:27:52
3_	37	3	1	15	15	1538	15:27:52
3_	37	3	1	16	16	1691	15:27:52
3_	37	3	1	17	17	2218	15:27:52
3_	37	3	1	18	18	2859	15:27:52
4_	2	4	1	1	1	2560	14:43:08
4_	2	4	1	2	2	14538	14:43:08
4_	2	4	1	3	3	10283	14:43:08
4_	2	4	0	4	1	2430	14:43:08
4_	2	4	0	5	17	8832	14:43:08
4_	2	4	0	6	16	11171	14:43:08
4_	2	4	0	7	17	2137	14:43:08
4_	2	4	1	8	8	3194	14:43:08
4_	2	4	1	9	9	4392	14:43:08
4_	2	4	0	10	6	9266	14:43:08
4_	2	4	1	11	11	1065	14:43:08
4_	2	4	1	12	12	2810	14:43:08
4_	2	4	1	13	13	8667	14:43:08
4_	2	4	1	14	14	2148	14:43:08
4_	2	4	1	15	15	1736	14:43:08
4_	2	4	1	16	16	2393	14:43:08
4_	2	4	0	17	6	9636	14:43:08
4_	2	4	0	18	10	1999	14:43:08
4_	20	2	1	1	1	2344	12:23:17
4_	20	2	1	2	2	1795	12:23:17
4_	20	2	0	3	10	6232	12:23:17
4_	20	2	1	4	4	3060	12:23:17
4_	20	2	0	5	13	8442	12:23:17
4_	20	2	1	6	6	5942	12:23:17
4_	20	2	0	7	18	10509	12:23:17
4_	20	2	1	8	8	1729	12:23:17
4_	20	2	0	9	3	2944	12:23:17
4_	20	2	0	10	18	4867	12:23:17
4_	20	2	1	11	11	1410	12:23:17
4_	20	2	1	12	12	4444	12:23:17
4_	20	2	1	13	13	6055	12:23:17
4_	20	2	1	14	14	2063	12:23:17
4_	20	2	1	15	15	3012	12:23:17
4_	20	2	1	16	16	10595	12:23:17
4_	20	2	1	17	17	1839	12:23:17
4_	20	2	0	18	3	2144	12:23:17
4_	25	2	0	1	4	6949	12:53:02
4_	25	2	1	2	2	4103	12:53:02
4_	25	2	1	3	3	1343	12:53:02
4_	25	2	0	4	16	2493	12:53:02
4_	25	2	0	5	13	4868	12:53:02
4_	25	2	0	6	15	3155	12:53:02
4_	25	2	0	7	12	2723	12:53:02
4_	25	2	0	8	18	3219	12:53:02
4_	25	2	0	9	17	1176	12:53:02
4_	25	2	0	10	6	4514	12:53:02
4_	25	2	0	11	10	2181	12:53:02
4_	25	2	0	12	15	1636	12:53:02
4_	25	2	0	13	7	1263	12:53:02
4_	25	2	1	14	14	2983	12:53:02
4_	25	2	0	15	9	2947	12:53:02
4_	25	2	0	16	15	5533	12:53:02
4_	25	2	0	17	3	1846	12:53:02
4_	25	2	0	18	12	723	12:53:02
4_	30	2	1	1	1	1793	13:28:24
4_	30	2	0	2	4	5436	13:28:24
4_	30	2	0	3	7	6111	13:28:24
4_	30	2	0	4	3	5610	13:28:24
4_	30	2	1	5	5	2719	13:28:24
4_	30	2	0	6	10	6295	13:28:24
4_	30	2	0	7	6	4415	13:28:24
4_	30	2	1	8	8	2563	13:28:24
4_	30	2	1	9	9	10362	13:28:24
4_	30	2	0	10	12	4685	13:28:24
4_	30	2	0	11	18	10109	13:28:24
4_	30	2	0	12	18	2239	13:28:24
4_	30	2	0	13	11	8969	13:28:24
4_	30	2	0	14	2	8178	13:28:24
4_	30	2	0	15	11	2439	13:28:24
4_	30	2	1	16	16	1928	13:28:24
4_	30	2	0	17	7	2065	13:28:24
4_	30	2	0	18	12	2094	13:28:24
4_	37	2	1	1	1	1526	15:20:19
4_	37	2	1	2	2	3698	15:20:19
4_	37	2	1	3	3	1765	15:20:19
4_	37	2	1	4	4	2070	15:20:19
4_	37	2	1	5	5	4488	15:20:19
4_	37	2	1	6	6	2895	15:20:19
4_	37	2	1	7	7	2054	15:20:19
4_	37	2	1	8	8	2251	15:20:19
4_	37	2	0	9	11	5493	15:20:19
4_	37	2	1	10	10	5251	15:20:19
4_	37	2	1	11	11	1674	15:20:19
4_	37	2	1	12	12	2033	15:20:19
4_	37	2	1	13	13	1863	15:20:19
4_	37	2	1	14	14	1482	15:20:19
4_	37	2	1	15	15	2934	15:20:19
4_	37	2	1	16	16	3899	15:20:19
4_	37	2	1	17	17	1506	15:20:19
4_	37	2	1	18	18	2336	15:20:19
