ExperimentName	Subject	Session	Correct	CorrectAns	Response	TestSlide.RT	SessionTime
1_	2	1	1	1	1	4195	15:12:32
1_	2	1	0	2	6	3303	15:12:32
1_	2	1	0	3	1	5900	15:12:32
1_	2	1	0	4	16	5267	15:12:32
1_	2	1	0	5	1	7635	15:12:32
1_	2	1	0	6	11	4302	15:12:32
1_	2	1	0	7	12	2454	15:12:32
1_	2	1	0	8	18	4414	15:12:32
1_	2	1	0	9	8	1623	15:12:32
1_	2	1	0	10	17	3350	15:12:32
1_	2	1	0	11	13	1732	15:12:32
1_	2	1	0	12	5	1915	15:12:32
1_	2	1	0	13	3	3753	15:12:32
1_	2	1	1	14	14	5784	15:12:32
1_	2	1	1	15	15	1976	15:12:32
1_	2	1	0	16	9	2352	15:12:32
1_	2	1	1	17	17	3021	15:12:32
1_	2	1	0	18	8	2740	15:12:32
1_	20	2	0	1	11	1872	13:54:08
1_	20	2	0	2	7	1424	13:54:08
1_	20	2	0	3	12	1782	13:54:08
1_	20	2	0	4	2	1523	13:54:08
1_	20	2	0	5	9	755	13:54:08
1_	20	2	0	6	17	601	13:54:08
1_	20	2	0	7	4	933	13:54:08
1_	20	2	0	8	13	964	13:54:08
1_	20	2	0	9	10	1247	13:54:08
1_	20	2	0	10	9	1153	13:54:08
1_	20	2	0	11	6	1749	13:54:08
1_	20	2	0	12	8	1226	13:54:08
1_	20	2	0	13	3	1571	13:54:08
1_	20	2	0	14	5	1099	13:54:08
1_	20	2	0	15	1	1797	13:54:08
1_	20	2	0	16	17	1627	13:54:08
1_	20	2	0	17	6	1048	13:54:08
1_	20	2	0	18	14	2816	13:54:08
1_	24	2	0	1	5	5585	14:28:06
1_	24	2	0	2	10	4422	14:28:06
1_	24	2	0	3	1	3049	14:28:06
1_	24	2	0	4	6	2404	14:28:06
1_	24	2	0	5	4	5522	14:28:06
1_	24	2	0	6	10	3847	14:28:06
1_	24	2	0	7	12	2327	14:28:06
1_	24	2	1	8	8	1933	14:28:06
1_	24	2	1	9	9	5076	14:28:06
1_	24	2	0	10	6	7345	14:28:06
1_	24	2	1	11	11	1299	14:28:06
1_	24	2	0	12	7	2810	14:28:06
1_	24	2	1	13	13	7188	14:28:06
1_	24	2	0	14	18	1415	14:28:06
1_	24	2	1	15	15	2904	14:28:06
1_	24	2	1	16	16	3101	14:28:06
1_	24	2	1	17	17	1081	14:28:06
1_	24	2	0	18	14	5767	14:28:06
1_	28	1	0	1	2	7646	14:44:39
1_	28	1	0	2	4	2983	14:44:39
1_	28	1	1	3	3	5608	14:44:39
1_	28	1	0	4	6	5729	14:44:39
1_	28	1	1	5	5	4917	14:44:39
1_	28	1	0	6	1	6872	14:44:39
1_	28	1	0	7	12	2108	14:44:39
1_	28	1	0	8	10	3033	14:44:39
1_	28	1	0	9	7	5860	14:44:39
1_	28	1	0	10	8	5984	14:44:39
1_	28	1	1	11	11	2905	14:44:39
1_	28	1	0	12	7	2934	14:44:39
1_	28	1	1	13	13	1575	14:44:39
1_	28	1	1	14	14	2194	14:44:39
1_	28	1	1	15	15	3776	14:44:39
1_	28	1	0	16	18	1687	14:44:39
1_	28	1	0	17	7	6475	14:44:39
1_	28	1	0	18	9	6369	14:44:39
1_	34	2	1	1	1	5193	15:40:18
1_	34	2	1	2	2	3706	15:40:18
1_	34	2	0	3	11	4039	15:40:18
1_	34	2	0	4	3	3841	15:40:18
1_	34	2	0	5	6	11683	15:40:18
1_	34	2	0	6	5	7954	15:40:18
1_	34	2	0	7	12	2021	15:40:18
1_	34	2	1	8	8	8635	15:40:18
1_	34	2	0	9	10	4590	15:40:18
1_	34	2	0	10	9	6281	15:40:18
1_	34	2	1	11	11	11324	15:40:18
1_	34	2	0	12	7	1500	15:40:18
1_	34	2	1	13	13	1942	15:40:18
1_	34	2	1	14	14	8567	15:40:18
1_	34	2	1	15	15	4128	15:40:18
1_	34	2	1	16	16	1524	15:40:18
1_	34	2	1	17	17	1417	15:40:18
1_	34	2	0	18	9	25867	15:40:18
1_	35	2	0	1	4	6559	17:06:07
1_	35	2	0	2	10	5275	17:06:07
1_	35	2	0	3	1	3091	17:06:07
1_	35	2	0	4	8	3011	17:06:07
1_	35	2	1	5	5	2573	17:06:07
1_	35	2	0	6	2	4099	17:06:07
1_	35	2	0	7	12	4980	17:06:07
1_	35	2	0	8	18	4657	17:06:07
1_	35	2	0	9	10	5461	17:06:07
1_	35	2	0	10	1	2480	17:06:07
1_	35	2	0	11	8	7109	17:06:07
1_	35	2	0	12	11	3152	17:06:07
1_	35	2	1	13	13	3864	17:06:07
1_	35	2	1	14	14	2954	17:06:07
1_	35	2	1	15	15	1990	17:06:07
1_	35	2	1	16	16	6800	17:06:07
1_	35	2	1	17	17	2726	17:06:07
1_	35	2	1	18	18	9765	17:06:07
1_	6	1	0	1	6	8000	15:33:02
1_	6	1	0	2	3	5173	15:33:02
1_	6	1	0	3	1	6492	15:33:02
1_	6	1	0	4	8	8364	15:33:02
1_	6	1	0	5	2	4451	15:33:02
1_	6	1	0	6	4	2068	15:33:02
1_	6	1	0	7	10	2244	15:33:02
1_	6	1	1	8	8	5946	15:33:02
1_	6	1	0	9	7	6404	15:33:02
1_	6	1	0	10	1	8778	15:33:02
1_	6	1	0	11	9	3337	15:33:02
1_	6	1	0	12	6	2786	15:33:02
1_	6	1	1	13	13	3915	15:33:02
1_	6	1	1	14	14	1997	15:33:02
1_	6	1	1	15	15	2594	15:33:02
1_	6	1	1	16	16	1464	15:33:02
1_	6	1	1	17	17	1492	15:33:02
1_	6	1	1	18	18	3197	15:33:02
1_	8	3	1	1	1	3232	16:12:19
1_	8	3	1	2	2	3264	16:12:19
1_	8	3	0	3	4	2461	16:12:19
1_	8	3	0	4	6	2626	16:12:19
1_	8	3	1	5	5	5584	16:12:19
1_	8	3	0	6	3	9002	16:12:19
1_	8	3	1	7	7	1767	16:12:19
1_	8	3	1	8	8	2730	16:12:19
1_	8	3	1	9	9	3158	16:12:19
1_	8	3	1	10	10	2779	16:12:19
1_	8	3	1	11	11	1058	16:12:19
1_	8	3	1	12	12	3193	16:12:19
1_	8	3	1	13	13	6450	16:12:19
1_	8	3	1	14	14	2463	16:12:19
1_	8	3	1	15	15	1859	16:12:19
1_	8	3	1	16	16	1119	16:12:19
1_	8	3	1	17	17	3009	16:12:19
1_	8	3	1	18	18	6969	16:12:19
2_	2	2	0	1	8	7211	15:21:09
2_	2	2	1	2	2	2013	15:21:09
2_	2	2	0	3	16	2953	15:21:09
2_	2	2	0	4	18	1146	15:21:09
2_	2	2	0	5	1	2703	15:21:09
2_	2	2	0	6	10	5699	15:21:09
2_	2	2	0	7	13	4428	15:21:09
2_	2	2	0	8	14	2051	15:21:09
2_	2	2	1	9	9	2922	15:21:09
2_	2	2	0	10	6	3594	15:21:09
2_	2	2	0	11	13	2740	15:21:09
2_	2	2	0	12	7	10605	15:21:09
2_	2	2	0	13	4	3595	15:21:09
2_	2	2	0	14	12	3562	15:21:09
2_	2	2	0	15	6	6907	15:21:09
2_	2	2	0	16	8	6256	15:21:09
2_	2	2	0	17	5	1995	15:21:09
2_	2	2	1	18	18	1849	15:21:09
2_	20	1	0	1	13	3645	13:45:47
2_	20	1	0	2	3	2945	13:45:47
2_	20	1	0	3	10	2745	13:45:47
2_	20	1	0	4	17	1514	13:45:47
2_	20	1	0	5	2	1308	13:45:47
2_	20	1	0	6	11	1036	13:45:47
2_	20	1	0	7	5	1658	13:45:47
2_	20	1	0	8	9	2191	13:45:47
2_	20	1	1	9	9	2488	13:45:47
2_	20	1	0	10	2	1492	13:45:47
2_	20	1	0	11	8	2236	13:45:47
2_	20	1	0	12	16	3399	13:45:47
2_	20	1	0	13	14	2567	13:45:47
2_	20	1	0	14	16	1992	13:45:47
2_	20	1	0	15	4	1851	13:45:47
2_	20	1	0	16	2	3448	13:45:47
2_	20	1	0	17	4	1248	13:45:47
2_	20	1	0	18	15	1265	13:45:47
2_	24	1	0	1	18	12964	14:18:39
2_	24	1	1	2	2	2067	14:18:39
2_	24	1	1	3	3	5348	14:18:39
2_	24	1	1	4	4	3462	14:18:39
2_	24	1	1	5	5	9716	14:18:39
2_	24	1	0	6	3	11637	14:18:39
2_	24	1	1	7	7	1936	14:18:39
2_	24	1	0	8	10	4312	14:18:39
2_	24	1	1	9	9	1489	14:18:39
2_	24	1	0	10	6	5888	14:18:39
2_	24	1	1	11	11	3997	14:18:39
2_	24	1	0	12	10	6195	14:18:39
2_	24	1	1	13	13	1969	14:18:39
2_	24	1	1	14	14	2034	14:18:39
2_	24	1	1	15	15	2973	14:18:39
2_	24	1	1	16	16	3043	14:18:39
2_	24	1	0	17	16	2587	14:18:39
2_	24	1	1	18	18	9139	14:18:39
2_	24	3	1	1	1	10272	14:35:58
2_	24	3	1	2	2	1935	14:35:58
2_	24	3	1	3	3	1284	14:35:58
2_	24	3	1	4	4	2152	14:35:58
2_	24	3	1	5	5	1214	14:35:58
2_	24	3	1	6	6	2024	14:35:58
2_	24	3	1	7	7	3399	14:35:58
2_	24	3	1	8	8	3069	14:35:58
2_	24	3	1	9	9	1789	14:35:58
2_	24	3	1	10	10	1583	14:35:58
2_	24	3	1	11	11	1841	14:35:58
2_	24	3	1	12	12	4226	14:35:58
2_	24	3	1	13	13	2537	14:35:58
2_	24	3	1	14	14	1529	14:35:58
2_	24	3	1	15	15	1647	14:35:58
2_	24	3	1	16	16	10653	14:35:58
2_	24	3	1	17	17	9694	14:35:58
2_	24	3	1	18	18	2205	14:35:58
2_	28	3	0	1	3	1888	15:02:51
2_	28	3	0	2	1	7004	15:02:51
2_	28	3	0	3	5	2051	15:02:51
2_	28	3	0	4	7	4720	15:02:51
2_	28	3	0	5	15	3384	15:02:51
2_	28	3	1	6	6	3251	15:02:51
2_	28	3	1	7	7	2002	15:02:51
2_	28	3	1	8	8	4218	15:02:51
2_	28	3	1	9	9	1640	15:02:51
2_	28	3	0	10	4	1365	15:02:51
2_	28	3	0	11	17	5957	15:02:51
2_	28	3	0	12	14	1554	15:02:51
2_	28	3	1	13	13	7511	15:02:51
2_	28	3	0	14	10	5580	15:02:51
2_	28	3	0	15	1	6137	15:02:51
2_	28	3	1	16	16	2346	15:02:51
2_	28	3	1	17	17	2979	15:02:51
2_	28	3	0	18	1	2673	15:02:51
2_	34	3	1	1	1	2630	15:49:24
2_	34	3	0	2	4	2299	15:49:24
2_	34	3	1	3	3	5121	15:49:24
2_	34	3	0	4	5	10371	15:49:24
2_	34	3	1	5	5	11780	15:49:24
2_	34	3	0	6	10	13296	15:49:24
2_	34	3	1	7	7	1128	15:49:24
2_	34	3	1	8	8	3381	15:49:24
2_	34	3	1	9	9	1815	15:49:24
2_	34	3	0	10	6	9749	15:49:24
2_	34	3	1	11	11	1578	15:49:24
2_	34	3	1	12	12	1474	15:49:24
2_	34	3	1	13	13	2385	15:49:24
2_	34	3	1	14	14	3297	15:49:24
2_	34	3	1	15	15	1131	15:49:24
2_	34	3	1	16	16	2088	15:49:24
2_	34	3	1	17	17	11837	15:49:24
2_	34	3	1	18	18	5015	15:49:24
2_	35	3	1	1	1	1591	17:14:37
2_	35	3	0	2	3	8130	17:14:37
2_	35	3	0	3	2	3711	17:14:37
2_	35	3	0	4	11	4714	17:14:37
2_	35	3	1	5	5	6412	17:14:37
2_	35	3	0	6	7	11627	17:14:37
2_	35	3	1	7	7	1898	17:14:37
2_	35	3	1	8	8	4906	17:14:37
2_	35	3	1	9	9	1903	17:14:37
2_	35	3	0	10	6	10883	17:14:37
2_	35	3	1	11	11	7087	17:14:37
2_	35	3	0	12	4	10427	17:14:37
2_	35	3	1	13	13	3049	17:14:37
2_	35	3	0	14	5	5386	17:14:37
2_	35	3	1	15	15	2042	17:14:37
2_	35	3	1	16	16	1850	17:14:37
2_	35	3	1	17	17	2675	17:14:37
2_	35	3	1	18	18	14705	17:14:37
2_	8	2	1	1	1	2470	16:04:31
2_	8	2	1	2	2	3661	16:04:31
2_	8	2	1	3	3	1967	16:04:31
2_	8	2	0	4	18	6057	16:04:31
2_	8	2	1	5	5	1692	16:04:31
2_	8	2	1	6	6	4561	16:04:31
2_	8	2	1	7	7	1655	16:04:31
2_	8	2	1	8	8	2571	16:04:31
2_	8	2	1	9	9	1808	16:04:31
2_	8	2	1	10	10	2275	16:04:31
2_	8	2	1	11	11	2947	16:04:31
2_	8	2	1	12	12	7427	16:04:31
2_	8	2	1	13	13	3763	16:04:31
2_	8	2	1	14	14	2604	16:04:31
2_	8	2	1	15	15	2211	16:04:31
2_	8	2	1	16	16	3733	16:04:31
2_	8	2	1	17	17	4042	16:04:31
2_	8	2	1	18	18	2106	16:04:31
3_	2	3	0	1	9	6776	15:30:06
3_	2	3	1	2	2	4654	15:30:06
3_	2	3	0	3	17	1825	15:30:06
3_	2	3	0	4	10	2158	15:30:06
3_	2	3	0	5	6	1397	15:30:06
3_	2	3	0	6	11	5426	15:30:06
3_	2	3	1	7	7	2074	15:30:06
3_	2	3	0	8	18	4162	15:30:06
3_	2	3	0	9	5	1754	15:30:06
3_	2	3	0	10	14	3121	15:30:06
3_	2	3	0	11	12	2722	15:30:06
3_	2	3	0	12	1	2497	15:30:06
3_	2	3	0	13	4	5275	15:30:06
3_	2	3	0	14	3	5265	15:30:06
3_	2	3	1	15	15	784	15:30:06
3_	2	3	0	16	14	4154	15:30:06
3_	2	3	1	17	17	1461	15:30:06
3_	2	3	0	18	13	2247	15:30:06
3_	20	3	1	1	1	1873	14:01:29
3_	20	3	0	2	3	1995	14:01:29
3_	20	3	0	3	6	1663	14:01:29
3_	20	3	1	4	4	1178	14:01:29
3_	20	3	0	5	9	939	14:01:29
3_	20	3	0	6	17	773	14:01:29
3_	20	3	0	7	10	1687	14:01:29
3_	20	3	0	8	14	2176	14:01:29
3_	20	3	0	9	16	1680	14:01:29
3_	20	3	0	10	5	1316	14:01:29
3_	20	3	0	11	4	1733	14:01:29
3_	20	3	0	12	8	2388	14:01:29
3_	20	3	0	13	2	1534	14:01:29
3_	20	3	1	14	14	4695	14:01:29
3_	20	3	0	15	11	3107	14:01:29
3_	20	3	0	16	1	2015	14:01:29
3_	20	3	0	17	18	3872	14:01:29
3_	20	3	0	18	13	3810	14:01:29
3_	28	2	1	1	1	3375	14:54:20
3_	28	2	0	2	8	5248	14:54:20
3_	28	2	0	3	6	4447	14:54:20
3_	28	2	1	4	4	7222	14:54:20
3_	28	2	0	5	2	2742	14:54:20
3_	28	2	0	6	5	3470	14:54:20
3_	28	2	1	7	7	4198	14:54:20
3_	28	2	0	8	3	6964	14:54:20
3_	28	2	0	9	12	5356	14:54:20
3_	28	2	0	10	9	16211	14:54:20
3_	28	2	0	11	10	5676	14:54:20
3_	28	2	0	12	15	9954	14:54:20
3_	28	2	0	13	3	6960	14:54:20
3_	28	2	1	14	14	1993	14:54:20
3_	28	2	1	15	15	1444	14:54:20
3_	28	2	1	16	16	1564	14:54:20
3_	28	2	1	17	17	1221	14:54:20
3_	28	2	0	18	7	4452	14:54:20
3_	34	1	1	1	1	8587	15:12:22
3_	34	1	1	2	2	4052	15:12:22
3_	34	1	1	3	3	6275	15:12:22
3_	34	1	0	4	5	10634	15:12:22
3_	34	1	0	5	4	6557	15:12:22
3_	34	1	0	6	2	10306	15:12:22
3_	34	1	1	7	7	1383	15:12:22
3_	34	1	1	8	8	1569	15:12:22
3_	34	1	1	9	9	2354	15:12:22
3_	34	1	1	10	10	4288	15:12:22
3_	34	1	1	11	11	1052	15:12:22
3_	34	1	1	12	12	2035	15:12:22
3_	34	1	1	13	13	2582	15:12:22
3_	34	1	0	14	16	3392	15:12:22
3_	34	1	1	15	15	6218	15:12:22
3_	34	1	0	16	18	5618	15:12:22
3_	34	1	1	17	17	3452	15:12:22
3_	34	1	0	18	6	9619	15:12:22
3_	35	1	0	1	12	3376	16:56:51
3_	35	1	1	2	2	6078	16:56:51
3_	35	1	0	3	15	9955	16:56:51
3_	35	1	0	4	10	2109	16:56:51
3_	35	1	0	5	4	2019	16:56:51
3_	35	1	0	6	17	1960	16:56:51
3_	35	1	0	7	9	6739	16:56:51
3_	35	1	1	8	8	991	16:56:51
3_	35	1	0	9	12	4216	16:56:51
3_	35	1	0	10	7	1748	16:56:51
3_	35	1	1	11	11	7506	16:56:51
3_	35	1	0	12	17	5702	16:56:51
3_	35	1	0	13	18	2907	16:56:51
3_	35	1	1	14	14	2199	16:56:51
3_	35	1	0	15	1	6948	16:56:51
3_	35	1	0	16	4	2755	16:56:51
3_	35	1	0	17	1	5824	16:56:51
3_	35	1	1	18	18	3791	16:56:51
3_	8	1	1	1	1	7276	15:55:20
3_	8	1	0	2	4	5588	15:55:20
3_	8	1	0	3	2	3422	15:55:20
3_	8	1	0	4	6	3925	15:55:20
3_	8	1	0	5	11	13410	15:55:20
3_	8	1	1	6	6	1716	15:55:20
3_	8	1	0	7	11	3124	15:55:20
3_	8	1	1	8	8	2321	15:55:20
3_	8	1	1	9	9	5107	15:55:20
3_	8	1	1	10	10	3942	15:55:20
3_	8	1	1	11	11	1488	15:55:20
3_	8	1	1	12	12	1548	15:55:20
3_	8	1	1	13	13	2663	15:55:20
3_	8	1	0	14	3	15347	15:55:20
3_	8	1	1	15	15	1038	15:55:20
3_	8	1	1	16	16	1718	15:55:20
3_	8	1	1	17	17	1482	15:55:20
3_	8	1	1	18	18	9150	15:55:20
4_	20	4	0	1	9	2140	14:08:59
4_	20	4	0	2	6	1230	14:08:59
4_	20	4	0	3	13	631	14:08:59
4_	20	4	0	4	14	531	14:08:59
4_	20	4	0	5	7	1369	14:08:59
4_	20	4	0	6	8	740	14:08:59
4_	20	4	0	7	3	612	14:08:59
4_	20	4	0	8	13	567	14:08:59
4_	20	4	0	9	16	628	14:08:59
4_	20	4	0	10	12	509	14:08:59
4_	20	4	0	11	15	642	14:08:59
4_	20	4	0	12	5	1008	14:08:59
4_	20	4	1	13	13	1577	14:08:59
4_	20	4	0	14	2	1296	14:08:59
4_	20	4	0	15	10	1056	14:08:59
4_	20	4	0	16	11	1764	14:08:59
4_	20	4	0	17	18	2831	14:08:59
4_	20	4	1	18	18	2138	14:08:59
1_	1	1	0	1	15	1839	14:48:51
1_	1	1	0	2	4	2011	14:48:51
1_	1	1	0	3	5	1220	14:48:51
1_	1	1	0	4	12	1444	14:48:51
1_	1	1	0	5	15	1092	14:48:51
1_	1	1	0	6	1	1164	14:48:51
1_	1	1	0	7	17	1526	14:48:51
1_	1	1	0	8	1	1355	14:48:51
1_	1	1	0	9	3	1178	14:48:51
1_	1	1	0	10	9	1705	14:48:51
1_	1	1	0	11	9	1450	14:48:51
1_	1	1	0	12	8	906	14:48:51
1_	1	1	0	13	12	1059	14:48:51
1_	1	1	0	14	16	1156	14:48:51
1_	1	1	0	15	3	896	14:48:51
1_	1	1	0	16	5	789	14:48:51
1_	1	1	0	17	10	606	14:48:51
1_	1	1	0	18	11	881	14:48:51
1_	11	3	0	1	6	3207	16:25:09
1_	11	3	0	2	1	6217	16:25:09
1_	11	3	0	3	1	10299	16:25:09
1_	11	3	0	4	2	9377	16:25:09
1_	11	3	0	5	4	4367	16:25:09
1_	11	3	0	6	2	4283	16:25:09
1_	11	3	0	7	12	2599	16:25:09
1_	11	3	1	8	8	2259	16:25:09
1_	11	3	1	9	9	3755	16:25:09
1_	11	3	1	10	10	2356	16:25:09
1_	11	3	1	11	11	1835	16:25:09
1_	11	3	0	12	7	2054	16:25:09
1_	11	3	1	13	13	1282	16:25:09
1_	11	3	1	14	14	3357	16:25:09
1_	11	3	1	15	15	815	16:25:09
1_	11	3	1	16	16	3025	16:25:09
1_	11	3	1	17	17	980	16:25:09
1_	11	3	1	18	18	1623	16:25:09
1_	15	3	1	1	1	2039	16:52:15
1_	15	3	1	2	2	2436	16:52:15
1_	15	3	1	3	3	4783	16:52:15
1_	15	3	1	4	4	4729	16:52:15
1_	15	3	1	5	5	1504	16:52:15
1_	15	3	1	6	6	2692	16:52:15
1_	15	3	1	7	7	2530	16:52:15
1_	15	3	1	8	8	1743	16:52:15
1_	15	3	1	9	9	3090	16:52:15
1_	15	3	1	10	10	16793	16:52:15
1_	15	3	1	11	11	1274	16:52:15
1_	15	3	1	12	12	2249	16:52:15
1_	15	3	1	13	13	2617	16:52:15
1_	15	3	1	14	14	2813	16:52:15
1_	15	3	1	15	15	8151	16:52:15
1_	15	3	1	16	16	3917	16:52:15
1_	15	3	1	17	17	1182	16:52:15
1_	15	3	1	18	18	4330	16:52:15
1_	18	3	0	1	6	2336	13:49:19
1_	18	3	0	2	5	13866	13:49:19
1_	18	3	0	3	5	8713	13:49:19
1_	18	3	1	4	4	8401	13:49:19
1_	18	3	0	5	2	12418	13:49:19
1_	18	3	0	6	1	9891	13:49:19
1_	18	3	0	7	12	1987	13:49:19
1_	18	3	1	8	8	1651	13:49:19
1_	18	3	1	9	9	2619	13:49:19
1_	18	3	1	10	10	7145	13:49:19
1_	18	3	1	11	11	1156	13:49:19
1_	18	3	0	12	7	5505	13:49:19
1_	18	3	1	13	13	6805	13:49:19
1_	18	3	0	14	5	12986	13:49:19
1_	18	3	1	15	15	5973	13:49:19
1_	18	3	0	16	17	12844	13:49:19
1_	18	3	0	17	6	17361	13:49:19
1_	18	3	1	18	18	1609	13:49:19
1_	23	2	0	1	2	4414	14:17:51
1_	23	2	0	2	8	5088	14:17:51
1_	23	2	0	3	1	4723	14:17:51
1_	23	2	0	4	6	5067	14:17:51
1_	23	2	0	5	14	4378	14:17:51
1_	23	2	0	6	5	4351	14:17:51
1_	23	2	0	7	12	7804	14:17:51
1_	23	2	0	8	3	6489	14:17:51
1_	23	2	1	9	9	3786	14:17:51
1_	23	2	1	10	10	3473	14:17:51
1_	23	2	1	11	11	1404	14:17:51
1_	23	2	0	12	4	5451	14:17:51
1_	23	2	1	13	13	1733	14:17:51
1_	23	2	1	14	14	7648	14:17:51
1_	23	2	1	15	15	2117	14:17:51
1_	23	2	1	16	16	2719	14:17:51
1_	23	2	1	17	17	1661	14:17:51
1_	23	2	1	18	18	1626	14:17:51
1_	29	1	0	1	2	8551	14:36:02
1_	29	1	0	2	1	1357	14:36:02
1_	29	1	0	3	7	6275	14:36:02
1_	29	1	0	4	12	7797	14:36:02
1_	29	1	0	5	3	7592	14:36:02
1_	29	1	1	6	6	10113	14:36:02
1_	29	1	0	7	17	2027	14:36:02
1_	29	1	1	8	8	2977	14:36:02
1_	29	1	1	9	9	2167	14:36:02
1_	29	1	0	10	5	4520	14:36:02
1_	29	1	1	11	11	1849	14:36:02
1_	29	1	0	12	10	3800	14:36:02
1_	29	1	0	13	14	4776	14:36:02
1_	29	1	0	14	13	1549	14:36:02
1_	29	1	0	15	16	4482	14:36:02
1_	29	1	0	16	15	10199	14:36:02
1_	29	1	0	17	12	3005	14:36:02
1_	29	1	1	18	18	2858	14:36:02
1_	33	2	0	1	6	2701	15:12:13
1_	33	2	1	2	2	3595	15:12:13
1_	33	2	0	3	1	5240	15:12:13
1_	33	2	0	4	3	5171	15:12:13
1_	33	2	0	5	4	5860	15:12:13
1_	33	2	0	6	12	3285	15:12:13
1_	33	2	0	7	5	3257	15:12:13
1_	33	2	1	8	8	2628	15:12:13
1_	33	2	0	9	10	3606	15:12:13
1_	33	2	0	10	11	14221	15:12:13
1_	33	2	0	11	9	2940	15:12:13
1_	33	2	0	12	7	21342	15:12:13
1_	33	2	0	13	18	4383	15:12:13
1_	33	2	1	14	14	3037	15:12:13
1_	33	2	1	15	15	2584	15:12:13
1_	33	2	1	16	16	7322	15:12:13
1_	33	2	0	17	10	14233	15:12:13
1_	33	2	0	18	17	13404	15:12:13
2_	1	2	0	1	17	1148	15:10:36
2_	1	2	0	2	12	1058	15:10:36
2_	1	2	0	3	7	636	15:10:36
2_	1	2	0	4	6	1000	15:10:36
2_	1	2	0	5	17	746	15:10:36
2_	1	2	0	6	2	734	15:10:36
2_	1	2	0	7	15	1015	15:10:36
2_	1	2	0	8	4	933	15:10:36
2_	1	2	0	9	5	629	15:10:36
2_	1	2	0	10	3	988	15:10:36
2_	1	2	0	11	15	922	15:10:36
2_	1	2	0	12	13	937	15:10:36
2_	1	2	0	13	10	876	15:10:36
2_	1	2	0	14	6	621	15:10:36
2_	1	2	0	15	18	1305	15:10:36
2_	1	2	0	16	4	935	15:10:36
2_	1	2	0	17	8	1077	15:10:36
2_	1	2	0	18	4	1100	15:10:36
2_	11	2	1	1	1	8619	16:16:35
2_	11	2	1	2	2	3624	16:16:35
2_	11	2	0	3	5	6168	16:16:35
2_	11	2	1	4	4	2705	16:16:35
2_	11	2	0	5	3	7214	16:16:35
2_	11	2	0	6	3	8679	16:16:35
2_	11	2	1	7	7	1532	16:16:35
2_	11	2	1	8	8	3105	16:16:35
2_	11	2	1	9	9	2582	16:16:35
2_	11	2	1	10	10	1680	16:16:35
2_	11	2	1	11	11	2596	16:16:35
2_	11	2	1	12	12	2210	16:16:35
2_	11	2	1	13	13	2133	16:16:35
2_	11	2	1	14	14	9394	16:16:35
2_	11	2	1	15	15	2407	16:16:35
2_	11	2	1	16	16	1394	16:16:35
2_	11	2	1	17	17	1781	16:16:35
2_	11	2	1	18	18	3378	16:16:35
2_	15	1	1	1	1	7011	16:34:38
2_	15	1	0	2	12	2452	16:34:38
2_	15	1	1	3	3	5595	16:34:38
2_	15	1	0	4	2	8164	16:34:38
2_	15	1	1	5	5	7421	16:34:38
2_	15	1	1	6	6	1594	16:34:38
2_	15	1	1	7	7	1645	16:34:38
2_	15	1	1	8	8	6395	16:34:38
2_	15	1	1	9	9	2349	16:34:38
2_	15	1	1	10	10	5114	16:34:38
2_	15	1	1	11	11	1872	16:34:38
2_	15	1	1	12	12	4578	16:34:38
2_	15	1	1	13	13	3574	16:34:38
2_	15	1	1	14	14	6420	16:34:38
2_	15	1	1	15	15	1251	16:34:38
2_	15	1	1	16	16	19865	16:34:38
2_	15	1	1	17	17	3233	16:34:38
2_	15	1	1	18	18	3267	16:34:38
2_	18	1	1	1	1	2796	13:31:15
2_	18	1	0	2	6	9291	13:31:15
2_	18	1	0	3	4	9450	13:31:15
2_	18	1	0	4	17	4802	13:31:15
2_	18	1	1	5	5	2153	13:31:15
2_	18	1	0	6	8	7852	13:31:15
2_	18	1	1	7	7	4356	13:31:15
2_	18	1	0	8	17	8449	13:31:15
2_	18	1	0	9	7	5856	13:31:15
2_	18	1	1	10	10	6971	13:31:15
2_	18	1	0	11	14	8098	13:31:15
2_	18	1	1	12	12	5600	13:31:15
2_	18	1	1	13	13	1627	13:31:15
2_	18	1	0	14	6	5762	13:31:15
2_	18	1	1	15	15	4122	13:31:15
2_	18	1	0	16	8	3953	13:31:15
2_	18	1	1	17	17	6279	13:31:15
2_	18	1	0	18	2	6203	13:31:15
2_	23	1	1	1	1	5270	14:08:17
2_	23	1	0	2	3	8007	14:08:17
2_	23	1	0	3	5	4536	14:08:17
2_	23	1	0	4	11	10978	14:08:17
2_	23	1	0	5	12	5055	14:08:17
2_	23	1	0	6	10	4578	14:08:17
2_	23	1	1	7	7	10192	14:08:17
2_	23	1	0	8	9	5122	14:08:17
2_	23	1	0	9	17	6443	14:08:17
2_	23	1	0	10	6	7258	14:08:17
2_	23	1	0	11	18	1964	14:08:17
2_	23	1	0	12	15	8064	14:08:17
2_	23	1	1	13	13	3409	14:08:17
2_	23	1	0	14	2	3532	14:08:17
2_	23	1	0	15	3	5472	14:08:17
2_	23	1	0	16	8	5193	14:08:17
2_	23	1	0	17	7	4762	14:08:17
2_	23	1	0	18	14	4461	14:08:17
2_	29	3	1	1	1	2415	14:53:10
2_	29	3	1	2	2	2794	14:53:10
2_	29	3	1	3	3	1654	14:53:10
2_	29	3	0	4	17	3667	14:53:10
2_	29	3	0	5	6	4061	14:53:10
2_	29	3	0	6	10	1743	14:53:10
2_	29	3	1	7	7	2698	14:53:10
2_	29	3	0	8	6	5521	14:53:10
2_	29	3	1	9	9	1698	14:53:10
2_	29	3	0	10	8	3409	14:53:10
2_	29	3	0	11	15	1085	14:53:10
2_	29	3	1	12	12	5881	14:53:10
2_	29	3	1	13	13	2183	14:53:10
2_	29	3	0	14	8	4056	14:53:10
2_	29	3	0	15	5	2868	14:53:10
2_	29	3	0	16	10	2411	14:53:10
2_	29	3	0	17	4	5548	14:53:10
2_	29	3	0	18	4	1275	14:53:10
2_	33	3	0	1	2	2413	15:21:16
2_	33	3	0	2	15	1513	15:21:16
2_	33	3	0	3	15	1776	15:21:16
2_	33	3	0	4	14	2886	15:21:16
2_	33	3	0	5	11	1266	15:21:16
2_	33	3	0	6	17	1250	15:21:16
2_	33	3	0	7	3	1578	15:21:16
2_	33	3	0	8	12	1160	15:21:16
2_	33	3	0	9	16	1059	15:21:16
2_	33	3	0	10	16	5830	15:21:16
2_	33	3	1	11	11	2009	15:21:16
2_	33	3	0	12	17	2675	15:21:16
2_	33	3	0	13	9	11122	15:21:16
2_	33	3	0	14	6	3219	15:21:16
2_	33	3	0	15	1	1394	15:21:16
2_	33	3	0	16	1	5464	15:21:16
2_	33	3	0	17	10	3405	15:21:16
2_	33	3	0	18	4	1604	15:21:16
2_	6	2	0	1	8	8406	15:42:35
2_	6	2	0	2	10	9384	15:42:35
2_	6	2	0	3	1	9851	15:42:35
2_	6	2	0	4	7	16337	15:42:35
2_	6	2	0	5	12	4057	15:42:35
2_	6	2	0	6	10	8493	15:42:35
2_	6	2	0	7	5	5356	15:42:35
2_	6	2	0	8	12	6402	15:42:35
2_	6	2	0	9	3	9992	15:42:35
2_	6	2	0	10	13	7553	15:42:35
2_	6	2	0	11	6	10791	15:42:35
2_	6	2	0	12	15	7512	15:42:35
2_	6	2	0	13	3	3634	15:42:35
2_	6	2	0	14	5	2556	15:42:35
2_	6	2	0	15	12	3842	15:42:35
2_	6	2	0	16	7	8632	15:42:35
2_	6	2	1	17	17	1932	15:42:35
2_	6	2	0	18	14	6033	15:42:35
3_	1	3	0	1	15	1023	15:18:05
3_	1	3	0	2	13	952	15:18:05
3_	1	3	0	3	4	3681	15:18:05
3_	1	3	0	4	11	1301	15:18:05
3_	1	3	0	5	6	974	15:18:05
3_	1	3	0	6	9	1799	15:18:05
3_	1	3	0	7	3	1517	15:18:05
3_	1	3	0	8	1	1011	15:18:05
3_	1	3	0	9	11	1134	15:18:05
3_	1	3	0	10	1	857	15:18:05
3_	1	3	0	11	7	775	15:18:05
3_	1	3	0	12	7	787	15:18:05
3_	1	3	0	13	4	933	15:18:05
3_	1	3	0	14	6	886	15:18:05
3_	1	3	0	15	12	3249	15:18:05
3_	1	3	0	16	12	693	15:18:05
3_	1	3	0	17	11	30	15:18:05
3_	1	3	0	18	4	1006	15:18:05
3_	11	1	1	1	1	7740	16:07:46
3_	11	1	1	2	2	1948	16:07:46
3_	11	1	1	3	3	5795	16:07:46
3_	11	1	1	4	4	5570	16:07:46
3_	11	1	1	5	5	2106	16:07:46
3_	11	1	1	6	6	5002	16:07:46
3_	11	1	1	7	7	2869	16:07:46
3_	11	1	1	8	8	1692	16:07:46
3_	11	1	0	9	1	4342	16:07:46
3_	11	1	1	10	10	3336	16:07:46
3_	11	1	1	11	11	2608	16:07:46
3_	11	1	1	12	12	2875	16:07:46
3_	11	1	1	13	13	1922	16:07:46
3_	11	1	1	14	14	2612	16:07:46
3_	11	1	1	15	15	2854	16:07:46
3_	11	1	1	16	16	2739	16:07:46
3_	11	1	1	17	17	15179	16:07:46
3_	11	1	1	18	18	3545	16:07:46
3_	15	2	1	1	1	4261	16:43:46
3_	15	2	1	2	2	5049	16:43:46
3_	15	2	1	3	3	6992	16:43:46
3_	15	2	1	4	4	4906	16:43:46
3_	15	2	1	5	5	1558	16:43:46
3_	15	2	0	6	4	15474	16:43:46
3_	15	2	1	7	7	2570	16:43:46
3_	15	2	1	8	8	4680	16:43:46
3_	15	2	1	9	9	4021	16:43:46
3_	15	2	1	10	10	2067	16:43:46
3_	15	2	0	11	16	11843	16:43:46
3_	15	2	1	12	12	2512	16:43:46
3_	15	2	1	13	13	3282	16:43:46
3_	15	2	1	14	14	1605	16:43:46
3_	15	2	1	15	15	1354	16:43:46
3_	15	2	1	16	16	6214	16:43:46
3_	15	2	1	17	17	1817	16:43:46
3_	15	2	1	18	18	6708	16:43:46
3_	18	2	0	1	10	3523	13:40:31
3_	18	2	1	2	2	6880	13:40:31
3_	18	2	1	3	3	6172	13:40:31
3_	18	2	0	4	5	5659	13:40:31
3_	18	2	0	5	1	9366	13:40:31
3_	18	2	0	6	2	7998	13:40:31
3_	18	2	0	7	4	5269	13:40:31
3_	18	2	0	8	1	11037	13:40:31
3_	18	2	1	9	9	1887	13:40:31
3_	18	2	0	10	1	6363	13:40:31
3_	18	2	0	11	16	5316	13:40:31
3_	18	2	1	12	12	9077	13:40:31
3_	18	2	1	13	13	2236	13:40:31
3_	18	2	1	14	14	4927	13:40:31
3_	18	2	1	15	15	2436	13:40:31
3_	18	2	0	16	18	15007	13:40:31
3_	18	2	1	17	17	1466	13:40:31
3_	18	2	0	18	7	8945	13:40:31
3_	23	3	0	1	4	14144	14:26:06
3_	23	3	0	2	6	8017	14:26:06
3_	23	3	0	3	17	6837	14:26:06
3_	23	3	0	4	2	7461	14:26:06
3_	23	3	1	5	5	4169	14:26:06
3_	23	3	0	6	1	10539	14:26:06
3_	23	3	1	7	7	1462	14:26:06
3_	23	3	1	8	8	8256	14:26:06
3_	23	3	1	9	9	2622	14:26:06
3_	23	3	1	10	10	1762	14:26:06
3_	23	3	1	11	11	1398	14:26:06
3_	23	3	1	12	12	3275	14:26:06
3_	23	3	1	13	13	1522	14:26:06
3_	23	3	1	14	14	1467	14:26:06
3_	23	3	1	15	15	1435	14:26:06
3_	23	3	1	16	16	1526	14:26:06
3_	23	3	1	17	17	7156	14:26:06
3_	23	3	1	18	18	4017	14:26:06
3_	29	2	0	1	11	4475	14:44:56
3_	29	2	0	2	3	1676	14:44:56
3_	29	2	0	3	2	3576	14:44:56
3_	29	2	1	4	4	1438	14:44:56
3_	29	2	1	5	5	4961	14:44:56
3_	29	2	0	6	1	5843	14:44:56
3_	29	2	0	7	12	4106	14:44:56
3_	29	2	0	8	7	2886	14:44:56
3_	29	2	1	9	9	3546	14:44:56
3_	29	2	1	10	10	7555	14:44:56
3_	29	2	0	11	8	9568	14:44:56
3_	29	2	0	12	7	6275	14:44:56
3_	29	2	1	13	13	3081	14:44:56
3_	29	2	0	14	18	2575	14:44:56
3_	29	2	1	15	15	3948	14:44:56
3_	29	2	0	16	18	3169	14:44:56
3_	29	2	1	17	17	2003	14:44:56
3_	29	2	0	18	13	8370	14:44:56
3_	33	1	0	1	3	16122	15:01:17
3_	33	1	1	2	2	9786	15:01:17
3_	33	1	0	3	1	5124	15:01:17
3_	33	1	1	4	4	4640	15:01:17
3_	33	1	0	5	11	2443	15:01:17
3_	33	1	0	6	7	1544	15:01:17
3_	33	1	0	7	12	2604	15:01:17
3_	33	1	1	8	8	3299	15:01:17
3_	33	1	0	9	18	6027	15:01:17
3_	33	1	0	10	9	4697	15:01:17
3_	33	1	0	11	18	9514	15:01:17
3_	33	1	0	12	6	6299	15:01:17
3_	33	1	1	13	13	9010	15:01:17
3_	33	1	1	14	14	1717	15:01:17
3_	33	1	1	15	15	1453	15:01:17
3_	33	1	0	16	7	8157	15:01:17
3_	33	1	1	17	17	1619	15:01:17
3_	33	1	0	18	16	7275	15:01:17
3_	6	3	0	1	5	3213	15:53:34
3_	6	3	0	2	7	7624	15:53:34
3_	6	3	1	3	3	1846	15:53:34
3_	6	3	0	4	12	1877	15:53:34
3_	6	3	0	5	4	4298	15:53:34
3_	6	3	0	6	1	10178	15:53:34
3_	6	3	1	7	7	2303	15:53:34
3_	6	3	1	8	8	2540	15:53:34
3_	6	3	1	9	9	2318	15:53:34
3_	6	3	0	10	18	6198	15:53:34
3_	6	3	1	11	11	5686	15:53:34
3_	6	3	0	12	14	4569	15:53:34
3_	6	3	1	13	13	2489	15:53:34
3_	6	3	0	14	2	6838	15:53:34
3_	6	3	1	15	15	1008	15:53:34
3_	6	3	1	16	16	1612	15:53:34
3_	6	3	1	17	17	1119	15:53:34
3_	6	3	1	18	18	13736	15:53:34
4_	18	4	1	1	1	1688	13:59:06
4_	18	4	0	2	4	7724	13:59:06
4_	18	4	0	3	11	3959	13:59:06
4_	18	4	0	4	10	9497	13:59:06
4_	18	4	1	5	5	8337	13:59:06
4_	18	4	1	6	6	1510	13:59:06
4_	18	4	1	7	7	1352	13:59:06
4_	18	4	1	8	8	3740	13:59:06
4_	18	4	0	9	10	10533	13:59:06
4_	18	4	1	10	10	15099	13:59:06
4_	18	4	0	11	12	7122	13:59:06
4_	18	4	0	12	11	5450	13:59:06
4_	18	4	1	13	13	2769	13:59:06
4_	18	4	1	14	14	9636	13:59:06
4_	18	4	0	15	17	13318	13:59:06
4_	18	4	1	16	16	2278	13:59:06
4_	18	4	0	17	16	9378	13:59:06
4_	18	4	1	18	18	1276	13:59:06
1_	10	3	0	1	2	10508	16:44:54
1_	10	3	0	2	8	11296	16:44:54
1_	10	3	1	3	3	2350	16:44:54
1_	10	3	0	4	1	10375	16:44:54
1_	10	3	0	5	4	11322	16:44:54
1_	10	3	0	6	11	7657	16:44:54
1_	10	3	1	7	7	2448	16:44:54
1_	10	3	0	8	10	25959	16:44:54
1_	10	3	0	9	16	11384	16:44:54
1_	10	3	0	10	9	9326	16:44:54
1_	10	3	0	11	9	15496	16:44:54
1_	10	3	1	12	12	18480	16:44:54
1_	10	3	1	13	13	3846	16:44:54
1_	10	3	1	14	14	2136	16:44:54
1_	10	3	0	15	6	10247	16:44:54
1_	10	3	1	16	16	6168	16:44:54
1_	10	3	1	17	17	2519	16:44:54
1_	10	3	1	18	18	2698	16:44:54
1_	14	3	0	1	6	4409	17:16:13
1_	14	3	1	2	2	4052	17:16:13
1_	14	3	0	3	1	3217	17:16:13
1_	14	3	0	4	5	2189	17:16:13
1_	14	3	0	5	3	4545	17:16:13
1_	14	3	0	6	4	5889	17:16:13
1_	14	3	0	7	6	3146	17:16:13
1_	14	3	1	8	8	2996	17:16:13
1_	14	3	1	9	9	6352	17:16:13
1_	14	3	1	10	10	2233	17:16:13
1_	14	3	1	11	11	1345	17:16:13
1_	14	3	0	12	7	7757	17:16:13
1_	14	3	1	13	13	2645	17:16:13
1_	14	3	1	14	14	3903	17:16:13
1_	14	3	1	15	15	1663	17:16:13
1_	14	3	1	16	16	4041	17:16:13
1_	14	3	1	17	17	1620	17:16:13
1_	14	3	0	18	8	5156	17:16:13
1_	16	3	0	1	4	2741	14:13:09
1_	16	3	0	2	6	4198	14:13:09
1_	16	3	0	3	1	2811	14:13:09
1_	16	3	0	4	5	2054	14:13:09
1_	16	3	0	5	7	9041	14:13:09
1_	16	3	0	6	3	6264	14:13:09
1_	16	3	0	7	10	2636	14:13:09
1_	16	3	1	8	8	1275	14:13:09
1_	16	3	0	9	12	4484	14:13:09
1_	16	3	0	10	11	5697	14:13:09
1_	16	3	1	11	11	6208	14:13:09
1_	16	3	0	12	7	6611	14:13:09
1_	16	3	1	13	13	2909	14:13:09
1_	16	3	1	14	14	1731	14:13:09
1_	16	3	1	15	15	1775	14:13:09
1_	16	3	1	16	16	1135	14:13:09
1_	16	3	1	17	17	2920	14:13:09
1_	16	3	1	18	18	2742	14:13:09
1_	22	2	0	1	11	1954	14:40:17
1_	22	2	0	2	17	1646	14:40:17
1_	22	2	0	3	4	1637	14:40:17
1_	22	2	0	4	1	1880	14:40:17
1_	22	2	0	5	3	1964	14:40:17
1_	22	2	0	6	7	1379	14:40:17
1_	22	2	0	7	12	1194	14:40:17
1_	22	2	0	8	7	1612	14:40:17
1_	22	2	1	9	9	1950	14:40:17
1_	22	2	0	10	5	2806	14:40:17
1_	22	2	0	11	2	2596	14:40:17
1_	22	2	0	12	6	968	14:40:17
1_	22	2	0	13	1	2944	14:40:17
1_	22	2	0	14	13	5473	14:40:17
1_	22	2	1	15	15	2216	14:40:17
1_	22	2	1	16	16	2692	14:40:17
1_	22	2	0	17	11	5364	14:40:17
1_	22	2	0	18	16	2029	14:40:17
1_	26	1	0	1	4	3780	14:56:44
1_	26	1	0	2	3	6331	14:56:44
1_	26	1	0	3	5	2182	14:56:44
1_	26	1	0	4	6	1778	14:56:44
1_	26	1	0	5	1	3174	14:56:44
1_	26	1	1	6	6	1551	14:56:44
1_	26	1	0	7	9	9601	14:56:44
1_	26	1	0	8	10	3015	14:56:44
1_	26	1	0	9	7	3945	14:56:44
1_	26	1	0	10	12	4219	14:56:44
1_	26	1	0	11	5	3659	14:56:44
1_	26	1	0	12	2	3020	14:56:44
1_	26	1	1	13	13	1469	14:56:44
1_	26	1	1	14	14	3530	14:56:44
1_	26	1	1	15	15	2833	14:56:44
1_	26	1	0	16	9	4625	14:56:44
1_	26	1	0	17	7	2879	14:56:44
1_	26	1	0	18	8	8548	14:56:44
1_	31	2	0	1	6	10175	15:36:07
1_	31	2	1	2	2	2356	15:36:07
1_	31	2	1	3	3	1443	15:36:07
1_	31	2	0	4	5	5109	15:36:07
1_	31	2	0	5	4	2114	15:36:07
1_	31	2	0	6	1	12634	15:36:07
1_	31	2	1	7	7	3093	15:36:07
1_	31	2	1	8	8	3390	15:36:07
1_	31	2	1	9	9	2752	15:36:07
1_	31	2	1	10	10	1487	15:36:07
1_	31	2	1	11	11	1355	15:36:07
1_	31	2	0	12	8	1978	15:36:07
1_	31	2	1	13	13	1991	15:36:07
1_	31	2	1	14	14	2865	15:36:07
1_	31	2	1	15	15	2333	15:36:07
1_	31	2	0	16	18	1681	15:36:07
1_	31	2	0	17	6	2894	15:36:07
1_	31	2	1	18	18	3790	15:36:07
1_	36	2	1	1	1	5279	18:14:32
1_	36	2	0	2	6	3968	18:14:32
1_	36	2	0	3	2	10952	18:14:32
1_	36	2	1	4	4	5845	18:14:32
1_	36	2	1	5	5	4557	18:14:32
1_	36	2	0	6	3	14597	18:14:32
1_	36	2	1	7	7	5185	18:14:32
1_	36	2	1	8	8	2319	18:14:32
1_	36	2	0	9	10	22924	18:14:32
1_	36	2	0	10	9	3171	18:14:32
1_	36	2	1	11	11	4941	18:14:32
1_	36	2	1	12	12	2004	18:14:32
1_	36	2	1	13	13	2142	18:14:32
1_	36	2	1	14	14	2006	18:14:32
1_	36	2	1	15	15	2600	18:14:32
1_	36	2	1	16	16	7415	18:14:32
1_	36	2	1	17	17	1391	18:14:32
1_	36	2	1	18	18	1779	18:14:32
1_	5	1	0	1	6	13375	15:57:31
1_	5	1	1	2	2	7386	15:57:31
1_	5	1	1	3	3	10108	15:57:31
1_	5	1	0	4	5	3474	15:57:31
1_	5	1	0	5	1	6627	15:57:31
1_	5	1	0	6	1	4575	15:57:31
1_	5	1	1	7	7	6786	15:57:31
1_	5	1	1	8	8	2373	15:57:31
1_	5	1	0	9	7	2124	15:57:31
1_	5	1	1	10	10	8533	15:57:31
1_	5	1	1	11	11	1345	15:57:31
1_	5	1	1	12	12	7568	15:57:31
1_	5	1	1	13	13	2240	15:57:31
1_	5	1	0	14	18	12309	15:57:31
1_	5	1	1	15	15	1496	15:57:31
1_	5	1	1	16	16	1661	15:57:31
1_	5	1	1	17	17	2329	15:57:31
1_	5	1	0	18	13	5553	15:57:31
2_	10	2	1	1	1	1937	16:35:27
2_	10	2	1	2	2	2376	16:35:27
2_	10	2	1	3	3	3150	16:35:27
2_	10	2	1	4	4	1947	16:35:27
2_	10	2	1	5	5	11628	16:35:27
2_	10	2	1	6	6	4017	16:35:27
2_	10	2	1	7	7	1873	16:35:27
2_	10	2	0	8	9	3742	16:35:27
2_	10	2	1	9	9	2496	16:35:27
2_	10	2	1	10	10	5357	16:35:27
2_	10	2	1	11	11	4484	16:35:27
2_	10	2	1	12	12	2450	16:35:27
2_	10	2	1	13	13	11036	16:35:27
2_	10	2	1	14	14	11882	16:35:27
2_	10	2	1	15	15	4392	16:35:27
2_	10	2	1	16	16	9873	16:35:27
2_	10	2	1	17	17	8126	16:35:27
2_	10	2	1	18	18	2318	16:35:27
2_	14	1	1	1	1	4328	16:58:53
2_	14	1	0	2	3	6196	16:58:53
2_	14	1	0	3	2	6521	16:58:53
2_	14	1	0	4	11	3209	16:58:53
2_	14	1	1	5	5	2703	16:58:53
2_	14	1	0	6	7	6943	16:58:53
2_	14	1	0	7	14	6000	16:58:53
2_	14	1	1	8	8	5012	16:58:53
2_	14	1	1	9	9	1752	16:58:53
2_	14	1	1	10	10	1745	16:58:53
2_	14	1	0	11	17	7775	16:58:53
2_	14	1	1	12	12	2215	16:58:53
2_	14	1	0	13	16	1901	16:58:53
2_	14	1	0	14	3	2617	16:58:53
2_	14	1	0	15	6	3489	16:58:53
2_	14	1	0	16	13	4998	16:58:53
2_	14	1	0	17	18	8066	16:58:53
2_	14	1	1	18	18	2844	16:58:53
2_	16	1	0	1	13	12785	13:52:44
2_	16	1	0	2	8	6190	13:52:44
2_	16	1	1	3	3	7004	13:52:44
2_	16	1	0	4	2	8623	13:52:44
2_	16	1	0	5	4	10767	13:52:44
2_	16	1	0	6	5	7086	13:52:44
2_	16	1	1	7	7	2402	13:52:44
2_	16	1	1	8	8	5120	13:52:44
2_	16	1	0	9	6	4321	13:52:44
2_	16	1	1	10	10	7026	13:52:44
2_	16	1	0	11	12	16153	13:52:44
2_	16	1	1	12	12	2156	13:52:44
2_	16	1	0	13	16	6827	13:52:44
2_	16	1	1	14	14	3415	13:52:44
2_	16	1	0	15	11	9436	13:52:44
2_	16	1	0	16	11	17199	13:52:44
2_	16	1	0	17	16	5029	13:52:44
2_	16	1	1	18	18	1326	13:52:44
2_	22	1	1	1	1	1514	14:30:11
2_	22	1	0	2	4	6618	14:30:11
2_	22	1	0	3	16	2081	14:30:11
2_	22	1	0	4	9	1901	14:30:11
2_	22	1	0	5	14	2699	14:30:11
2_	22	1	0	6	10	2290	14:30:11
2_	22	1	1	7	7	1879	14:30:11
2_	22	1	0	8	3	4808	14:30:11
2_	22	1	1	9	9	2187	14:30:11
2_	22	1	0	10	5	2934	14:30:11
2_	22	1	0	11	18	1948	14:30:11
2_	22	1	1	12	12	1543	14:30:11
2_	22	1	1	13	13	1115	14:30:11
2_	22	1	0	14	12	103	14:30:11
2_	22	1	1	15	15	9383	14:30:11
2_	22	1	0	16	6	4052	14:30:11
2_	22	1	0	17	3	1755	14:30:11
2_	22	1	0	18	2	1720	14:30:11
2_	26	3	1	1	1	4766	15:15:32
2_	26	3	1	2	2	3890	15:15:32
2_	26	3	0	3	18	7664	15:15:32
2_	26	3	0	4	8	2955	15:15:32
2_	26	3	0	5	10	2478	15:15:32
2_	26	3	0	6	3	2582	15:15:32
2_	26	3	0	7	5	4056	15:15:32
2_	26	3	0	8	17	4580	15:15:32
2_	26	3	1	9	9	1314	15:15:32
2_	26	3	0	10	15	2835	15:15:32
2_	26	3	0	11	4	3257	15:15:32
2_	26	3	0	12	6	2567	15:15:32
2_	26	3	0	13	14	3389	15:15:32
2_	26	3	0	14	15	2025	15:15:32
2_	26	3	0	15	7	3209	15:15:32
2_	26	3	0	16	12	6181	15:15:32
2_	26	3	0	17	13	2041	15:15:32
2_	26	3	0	18	2	1639	15:15:32
2_	31	3	1	1	1	3125	15:44:56
2_	31	3	1	2	2	2203	15:44:56
2_	31	3	1	3	3	3641	15:44:56
2_	31	3	0	4	8	3196	15:44:56
2_	31	3	1	5	5	2195	15:44:56
2_	31	3	1	6	6	3698	15:44:56
2_	31	3	1	7	7	1600	15:44:56
2_	31	3	0	8	4	8199	15:44:56
2_	31	3	1	9	9	1789	15:44:56
2_	31	3	1	10	10	1921	15:44:56
2_	31	3	1	11	11	1159	15:44:56
2_	31	3	1	12	12	1815	15:44:56
2_	31	3	1	13	13	1555	15:44:56
2_	31	3	1	14	14	1357	15:44:56
2_	31	3	1	15	15	6662	15:44:56
2_	31	3	1	16	16	2166	15:44:56
2_	31	3	1	17	17	2015	15:44:56
2_	31	3	1	18	18	6197	15:44:56
2_	36	3	1	1	1	2515	18:23:50
2_	36	3	1	2	2	1813	18:23:50
2_	36	3	0	3	6	6982	18:23:50
2_	36	3	1	4	4	2487	18:23:50
2_	36	3	0	5	3	14007	18:23:50
2_	36	3	1	6	6	22543	18:23:50
2_	36	3	1	7	7	2495	18:23:50
2_	36	3	1	8	8	4503	18:23:50
2_	36	3	1	9	9	1726	18:23:50
2_	36	3	1	10	10	8393	18:23:50
2_	36	3	1	11	11	1652	18:23:50
2_	36	3	1	12	12	2090	18:23:50
2_	36	3	1	13	13	3411	18:23:50
2_	36	3	1	14	14	1727	18:23:50
2_	36	3	1	15	15	2736	18:23:50
2_	36	3	1	16	16	13141	18:23:50
2_	36	3	1	17	17	3046	18:23:50
2_	36	3	1	18	18	2293	18:23:50
2_	5	2	1	1	1	13779	16:06:56
2_	5	2	0	2	5	11028	16:06:56
2_	5	2	1	3	3	14841	16:06:56
2_	5	2	0	4	6	3571	16:06:56
2_	5	2	0	5	2	6953	16:06:56
2_	5	2	0	6	16	7890	16:06:56
2_	5	2	1	7	7	1553	16:06:56
2_	5	2	0	8	1	9119	16:06:56
2_	5	2	1	9	9	1991	16:06:56
2_	5	2	0	10	16	4643	16:06:56
2_	5	2	1	11	11	4066	16:06:56
2_	5	2	1	12	12	1455	16:06:56
2_	5	2	0	13	11	2947	16:06:56
2_	5	2	0	14	17	13297	16:06:56
2_	5	2	1	15	15	1379	16:06:56
2_	5	2	1	16	16	2597	16:06:56
2_	5	2	0	17	14	12375	16:06:56
2_	5	2	1	18	18	4779	16:06:56
3_	10	1	0	1	5	11628	16:24:59
3_	10	1	1	2	2	2117	16:24:59
3_	10	1	1	3	3	5399	16:24:59
3_	10	1	1	4	4	4078	16:24:59
3_	10	1	0	5	3	16004	16:24:59
3_	10	1	1	6	6	6252	16:24:59
3_	10	1	1	7	7	2171	16:24:59
3_	10	1	1	8	8	1700	16:24:59
3_	10	1	0	9	18	8315	16:24:59
3_	10	1	1	10	10	2649	16:24:59
3_	10	1	1	11	11	7537	16:24:59
3_	10	1	1	12	12	3465	16:24:59
3_	10	1	1	13	13	2561	16:24:59
3_	10	1	1	14	14	3184	16:24:59
3_	10	1	1	15	15	1194	16:24:59
3_	10	1	0	16	1	22386	16:24:59
3_	10	1	1	17	17	2939	16:24:59
3_	10	1	0	18	9	2784	16:24:59
3_	14	2	0	1	10	2660	17:07:50
3_	14	2	0	2	5	2725	17:07:50
3_	14	2	1	3	3	2074	17:07:50
3_	14	2	0	4	7	3613	17:07:50
3_	14	2	0	5	8	2296	17:07:50
3_	14	2	0	6	2	4487	17:07:50
3_	14	2	0	7	2	4373	17:07:50
3_	14	2	0	8	11	3136	17:07:50
3_	14	2	0	9	12	2525	17:07:50
3_	14	2	0	10	1	5855	17:07:50
3_	14	2	0	11	9	4630	17:07:50
3_	14	2	0	12	4	7445	17:07:50
3_	14	2	0	13	6	4101	17:07:50
3_	14	2	1	14	14	5160	17:07:50
3_	14	2	1	15	15	1952	17:07:50
3_	14	2	1	16	16	2470	17:07:50
3_	14	2	1	17	17	2959	17:07:50
3_	14	2	1	18	18	4427	17:07:50
3_	16	2	0	1	6	10551	14:03:31
3_	16	2	1	2	2	2701	14:03:31
3_	16	2	1	3	3	4321	14:03:31
3_	16	2	0	4	5	8304	14:03:31
3_	16	2	0	5	1	3878	14:03:31
3_	16	2	0	6	4	5028	14:03:31
3_	16	2	0	7	8	7255	14:03:31
3_	16	2	1	8	8	9003	14:03:31
3_	16	2	0	9	12	6481	14:03:31
3_	16	2	1	10	10	12195	14:03:31
3_	16	2	0	11	9	2835	14:03:31
3_	16	2	1	12	12	2949	14:03:31
3_	16	2	0	13	4	5915	14:03:31
3_	16	2	1	14	14	2579	14:03:31
3_	16	2	1	15	15	1556	14:03:31
3_	16	2	1	16	16	2379	14:03:31
3_	16	2	1	17	17	1560	14:03:31
3_	16	2	1	18	18	3132	14:03:31
3_	22	3	1	1	1	2301	14:48:38
3_	22	3	0	2	14	3673	14:48:38
3_	22	3	0	3	9	2019	14:48:38
3_	22	3	0	4	2	2042	14:48:38
3_	22	3	1	5	5	1345	14:48:38
3_	22	3	0	6	4	1065	14:48:38
3_	22	3	0	7	1	2671	14:48:38
3_	22	3	1	8	8	1595	14:48:38
3_	22	3	0	9	14	1743	14:48:38
3_	22	3	0	10	18	1968	14:48:38
3_	22	3	0	11	14	1702	14:48:38
3_	22	3	0	12	14	1920	14:48:38
3_	22	3	0	13	7	2952	14:48:38
3_	22	3	0	14	17	1346	14:48:38
3_	22	3	0	15	8	1695	14:48:38
3_	22	3	0	16	13	1783	14:48:38
3_	22	3	0	17	5	2105	14:48:38
3_	22	3	0	18	10	1495	14:48:38
3_	26	2	1	1	1	9520	15:06:33
3_	26	2	0	2	12	6280	15:06:33
3_	26	2	1	3	3	4574	15:06:33
3_	26	2	0	4	10	7114	15:06:33
3_	26	2	1	5	5	5275	15:06:33
3_	26	2	0	6	11	4219	15:06:33
3_	26	2	1	7	7	2099	15:06:33
3_	26	2	1	8	8	2092	15:06:33
3_	26	2	0	9	5	6997	15:06:33
3_	26	2	0	10	4	5450	15:06:33
3_	26	2	0	11	16	8704	15:06:33
3_	26	2	0	12	6	3158	15:06:33
3_	26	2	1	13	13	3548	15:06:33
3_	26	2	1	14	14	1902	15:06:33
3_	26	2	1	15	15	1604	15:06:33
3_	26	2	1	16	16	2684	15:06:33
3_	26	2	1	17	17	1938	15:06:33
3_	26	2	1	18	18	5594	15:06:33
3_	31	1	0	1	9	13215	15:23:58
3_	31	1	1	2	2	2121	15:23:58
3_	31	1	0	3	9	4761	15:23:58
3_	31	1	0	4	3	6643	15:23:58
3_	31	1	1	5	5	2147	15:23:58
3_	31	1	1	6	6	4400	15:23:58
3_	31	1	1	7	7	1687	15:23:58
3_	31	1	1	8	8	6362	15:23:58
3_	31	1	0	9	16	6099	15:23:58
3_	31	1	0	10	1	4444	15:23:58
3_	31	1	0	11	9	8909	15:23:58
3_	31	1	0	12	4	6200	15:23:58
3_	31	1	1	13	13	1733	15:23:58
3_	31	1	1	14	14	2354	15:23:58
3_	31	1	1	15	15	1575	15:23:58
3_	31	1	1	16	16	12998	15:23:58
3_	31	1	1	17	17	2316	15:23:58
3_	31	1	1	18	18	4605	15:23:58
3_	36	1	0	1	10	11986	18:04:19
3_	36	1	0	2	9	4332	18:04:19
3_	36	1	1	3	3	8044	18:04:19
3_	36	1	0	4	3	5940	18:04:19
3_	36	1	0	5	3	4044	18:04:19
3_	36	1	1	6	6	2105	18:04:19
3_	36	1	0	7	1	4513	18:04:19
3_	36	1	0	8	12	1615	18:04:19
3_	36	1	0	9	5	14562	18:04:19
3_	36	1	0	10	16	8987	18:04:19
3_	36	1	0	11	2	10477	18:04:19
3_	36	1	1	12	12	1945	18:04:19
3_	36	1	0	13	7	6296	18:04:19
3_	36	1	0	14	15	6136	18:04:19
3_	36	1	0	15	18	1976	18:04:19
3_	36	1	0	16	13	2519	18:04:19
3_	36	1	0	17	14	3759	18:04:19
3_	36	1	0	18	15	2891	18:04:19
3_	5	3	0	1	9	4665	16:16:13
3_	5	3	0	2	1	8066	16:16:13
3_	5	3	1	3	3	2082	16:16:13
3_	5	3	0	4	10	4220	16:16:13
3_	5	3	0	5	4	3238	16:16:13
3_	5	3	0	6	12	1911	16:16:13
3_	5	3	1	7	7	5808	16:16:13
3_	5	3	1	8	8	2166	16:16:13
3_	5	3	1	9	9	5804	16:16:13
3_	5	3	0	10	2	3798	16:16:13
3_	5	3	1	11	11	2119	16:16:13
3_	5	3	0	12	5	6295	16:16:13
3_	5	3	1	13	13	3990	16:16:13
3_	5	3	1	14	14	2663	16:16:13
3_	5	3	1	15	15	1287	16:16:13
3_	5	3	1	16	16	3106	16:16:13
3_	5	3	1	17	17	1461	16:16:13
3_	5	3	1	18	18	2987	16:16:13
4_	16	4	0	1	2	12398	14:21:32
4_	16	4	0	2	6	8306	14:21:32
4_	16	4	0	3	1	8239	14:21:32
4_	16	4	1	4	4	1673	14:21:32
4_	16	4	1	5	5	2042	14:21:32
4_	16	4	1	6	6	5536	14:21:32
4_	16	4	1	7	7	2209	14:21:32
4_	16	4	1	8	8	2206	14:21:32
4_	16	4	1	9	9	3116	14:21:32
4_	16	4	1	10	10	9247	14:21:32
4_	16	4	1	11	11	2265	14:21:32
4_	16	4	1	12	12	2308	14:21:32
4_	16	4	1	13	13	5231	14:21:32
4_	16	4	1	14	14	2233	14:21:32
4_	16	4	1	15	15	3342	14:21:32
4_	16	4	1	16	16	2138	14:21:32
4_	16	4	1	17	17	1617	14:21:32
4_	16	4	1	18	18	2845	14:21:32
1_	13	3	0	1	3	8782	16:46:56
1_	13	3	0	2	6	8044	16:46:56
1_	13	3	0	3	4	2467	16:46:56
1_	13	3	0	4	6	13464	16:46:56
1_	13	3	1	5	5	1946	16:46:56
1_	13	3	0	6	2	6662	16:46:56
1_	13	3	1	7	7	2530	16:46:56
1_	13	3	1	8	8	1838	16:46:56
1_	13	3	0	9	10	2307	16:46:56
1_	13	3	0	10	9	2574	16:46:56
1_	13	3	1	11	11	1531	16:46:56
1_	13	3	1	12	12	2065	16:46:56
1_	13	3	1	13	13	2408	16:46:56
1_	13	3	1	14	14	1547	16:46:56
1_	13	3	1	15	15	1567	16:46:56
1_	13	3	1	16	16	3538	16:46:56
1_	13	3	1	17	17	1308	16:46:56
1_	13	3	1	18	18	3088	16:46:56
1_	17	3	1	1	1	2450	13:57:39
1_	17	3	0	2	6	4818	13:57:39
1_	17	3	1	3	3	3553	13:57:39
1_	17	3	1	4	4	5896	13:57:39
1_	17	3	1	5	5	5399	13:57:39
1_	17	3	0	6	15	3019	13:57:39
1_	17	3	1	7	7	2251	13:57:39
1_	17	3	1	8	8	3222	13:57:39
1_	17	3	1	9	9	2330	13:57:39
1_	17	3	1	10	10	2325	13:57:39
1_	17	3	1	11	11	992	13:57:39
1_	17	3	1	12	12	2054	13:57:39
1_	17	3	1	13	13	2665	13:57:39
1_	17	3	1	14	14	2130	13:57:39
1_	17	3	1	15	15	1623	13:57:39
1_	17	3	1	16	16	1854	13:57:39
1_	17	3	1	17	17	2322	13:57:39
1_	17	3	1	18	18	6050	13:57:39
1_	21	2	0	1	2	6940	14:23:06
1_	21	2	0	2	6	5507	14:23:06
1_	21	2	0	3	4	2296	14:23:06
1_	21	2	0	4	5	6039	14:23:06
1_	21	2	0	5	3	1883	14:23:06
1_	21	2	0	6	1	2559	14:23:06
1_	21	2	0	7	15	6827	14:23:06
1_	21	2	0	8	13	3779	14:23:06
1_	21	2	0	9	16	3201	14:23:06
1_	21	2	1	10	10	984	14:23:06
1_	21	2	0	11	9	10597	14:23:06
1_	21	2	1	12	12	1434	14:23:06
1_	21	2	0	13	18	2063	14:23:06
1_	21	2	1	14	14	1858	14:23:06
1_	21	2	1	15	15	1693	14:23:06
1_	21	2	1	16	16	1984	14:23:06
1_	21	2	1	17	17	1563	14:23:06
1_	21	2	0	18	8	7781	14:23:06
1_	30	1	1	1	1	9031	14:56:09
1_	30	1	1	2	2	7679	14:56:09
1_	30	1	0	3	5	3532	14:56:09
1_	30	1	0	4	1	2849	14:56:09
1_	30	1	0	5	14	14126	14:56:09
1_	30	1	0	6	10	9413	14:56:09
1_	30	1	0	7	4	3255	14:56:09
1_	30	1	0	8	12	2017	14:56:09
1_	30	1	0	9	7	1255	14:56:09
1_	30	1	0	10	3	7773	14:56:09
1_	30	1	1	11	11	1648	14:56:09
1_	30	1	0	12	6	2634	14:56:09
1_	30	1	1	13	13	4173	14:56:09
1_	30	1	0	14	16	3409	14:56:09
1_	30	1	1	15	15	1307	14:56:09
1_	30	1	0	16	17	7151	14:56:09
1_	30	1	1	17	17	1239	14:56:09
1_	30	1	1	18	18	4738	14:56:09
1_	4	1	0	1	6	11488	15:36:03
1_	4	1	0	2	16	1820	15:36:03
1_	4	1	0	3	12	969	15:36:03
1_	4	1	0	4	15	700	15:36:03
1_	4	1	0	5	9	351	15:36:03
1_	4	1	0	6	3	580	15:36:03
1_	4	1	0	7	6	459	15:36:03
1_	4	1	0	8	17	351	15:36:03
1_	4	1	0	9	13	565	15:36:03
1_	4	1	0	10	4	535	15:36:03
1_	4	1	0	11	14	401	15:36:03
1_	4	1	0	12	17	432	15:36:03
1_	4	1	1	13	13	384	15:36:03
1_	4	1	1	14	14	315	15:36:03
1_	4	1	0	15	13	252	15:36:03
1_	4	1	0	16	2	483	15:36:03
1_	4	1	0	17	8	577	15:36:03
1_	4	1	0	18	3	935	15:36:03
1_	9	3	1	1	1	1694	16:14:37
1_	9	3	1	2	2	2669	16:14:37
1_	9	3	1	3	3	4025	16:14:37
1_	9	3	1	4	4	2211	16:14:37
1_	9	3	1	5	5	4646	16:14:37
1_	9	3	1	6	6	2078	16:14:37
1_	9	3	1	7	7	2395	16:14:37
1_	9	3	1	8	8	1714	16:14:37
1_	9	3	1	9	9	2010	16:14:37
1_	9	3	1	10	10	2148	16:14:37
1_	9	3	1	11	11	1322	16:14:37
1_	9	3	1	12	12	2044	16:14:37
1_	9	3	1	13	13	1722	16:14:37
1_	9	3	1	14	14	1818	16:14:37
1_	9	3	1	15	15	1225	16:14:37
1_	9	3	1	16	16	1281	16:14:37
1_	9	3	1	17	17	1076	16:14:37
1_	9	3	1	18	18	1319	16:14:37
2_	13	1	1	1	1	2185	16:30:32
2_	13	1	1	2	2	8876	16:30:32
2_	13	1	0	3	6	5468	16:30:32
2_	13	1	1	4	4	4507	16:30:32
2_	13	1	1	5	5	2511	16:30:32
2_	13	1	0	6	8	8416	16:30:32
2_	13	1	1	7	7	984	16:30:32
2_	13	1	0	8	3	7946	16:30:32
2_	13	1	1	9	9	2491	16:30:32
2_	13	1	1	10	10	1961	16:30:32
2_	13	1	1	11	11	1190	16:30:32
2_	13	1	1	12	12	1783	16:30:32
2_	13	1	1	13	13	2145	16:30:32
2_	13	1	1	14	14	1843	16:30:32
2_	13	1	1	15	15	2433	16:30:32
2_	13	1	1	16	16	6156	16:30:32
2_	13	1	1	17	17	2961	16:30:32
2_	13	1	1	18	18	3419	16:30:32
2_	17	1	1	1	1	5197	13:39:55
2_	17	1	1	2	2	6589	13:39:55
2_	17	1	0	3	5	5249	13:39:55
2_	17	1	1	4	4	1671	13:39:55
2_	17	1	0	5	3	8095	13:39:55
2_	17	1	1	6	6	6566	13:39:55
2_	17	1	1	7	7	3128	13:39:55
2_	17	1	1	8	8	8326	13:39:55
2_	17	1	1	9	9	1545	13:39:55
2_	17	1	1	10	10	3338	13:39:55
2_	17	1	1	11	11	12366	13:39:55
2_	17	1	1	12	12	4845	13:39:55
2_	17	1	1	13	13	1564	13:39:55
2_	17	1	1	14	14	2044	13:39:55
2_	17	1	1	15	15	1613	13:39:55
2_	17	1	1	16	16	1814	13:39:55
2_	17	1	1	17	17	2433	13:39:55
2_	17	1	1	18	18	5279	13:39:55
2_	21	1	0	1	18	11108	14:13:40
2_	21	1	0	2	1	1608	14:13:40
2_	21	1	0	3	8	3466	14:13:40
2_	21	1	0	4	12	10915	14:13:40
2_	21	1	1	5	5	1851	14:13:40
2_	21	1	0	6	2	3977	14:13:40
2_	21	1	0	7	15	5416	14:13:40
2_	21	1	0	8	4	1267	14:13:40
2_	21	1	1	9	9	1138	14:13:40
2_	21	1	0	10	16	1723	14:13:40
2_	21	1	1	11	11	1675	14:13:40
2_	21	1	0	12	13	5380	14:13:40
2_	21	1	1	13	13	2417	14:13:40
2_	21	1	0	14	15	5349	14:13:40
2_	21	1	0	15	7	4850	14:13:40
2_	21	1	0	16	2	2296	14:13:40
2_	21	1	1	17	17	1353	14:13:40
2_	21	1	0	18	4	1727	14:13:40
2_	30	3	1	1	1	3718	15:14:02
2_	30	3	0	2	12	6489	15:14:02
2_	30	3	1	3	3	5559	15:14:02
2_	30	3	1	4	4	1738	15:14:02
2_	30	3	1	5	5	4914	15:14:02
2_	30	3	1	6	6	5162	15:14:02
2_	30	3	1	7	7	1261	15:14:02
2_	30	3	1	8	8	2712	15:14:02
2_	30	3	1	9	9	1865	15:14:02
2_	30	3	1	10	10	19080	15:14:02
2_	30	3	1	11	11	2107	15:14:02
2_	30	3	1	12	12	2392	15:14:02
2_	30	3	1	13	13	2306	15:14:02
2_	30	3	1	14	14	1999	15:14:02
2_	30	3	1	15	15	1238	15:14:02
2_	30	3	1	16	16	4256	15:14:02
2_	30	3	1	17	17	1483	15:14:02
2_	30	3	1	18	18	4409	15:14:02
2_	4	2	0	1	12	577	15:44:04
2_	4	2	0	2	7	277	15:44:04
2_	4	2	0	3	16	199	15:44:04
2_	4	2	0	4	2	213	15:44:04
2_	4	2	0	5	11	199	15:44:04
2_	4	2	0	6	17	107	15:44:04
2_	4	2	0	7	4	82	15:44:04
2_	4	2	0	8	15	82	15:44:04
2_	4	2	0	9	14	103	15:44:04
2_	4	2	0	10	17	440	15:44:04
2_	4	2	0	11	13	149	15:44:04
2_	4	2	0	12	18	45	15:44:04
2_	4	2	0	13	12	212	15:44:04
2_	4	2	0	14	3	235	15:44:04
2_	4	2	0	15	8	239	15:44:04
2_	4	2	0	16	11	316	15:44:04
2_	4	2	0	17	15	216	15:44:04
2_	4	2	0	18	4	1128	15:44:04
2_	9	2	1	1	1	3972	16:06:57
2_	9	2	1	2	2	6685	16:06:57
2_	9	2	1	3	3	6889	16:06:57
2_	9	2	1	4	4	7873	16:06:57
2_	9	2	1	5	5	1265	16:06:57
2_	9	2	1	6	6	2037	16:06:57
2_	9	2	1	7	7	1392	16:06:57
2_	9	2	1	8	8	1714	16:06:57
2_	9	2	1	9	9	1627	16:06:57
2_	9	2	1	10	10	1586	16:06:57
2_	9	2	1	11	11	1172	16:06:57
2_	9	2	1	12	12	1467	16:06:57
2_	9	2	1	13	13	1659	16:06:57
2_	9	2	1	14	14	1996	16:06:57
2_	9	2	1	15	15	1276	16:06:57
2_	9	2	1	16	16	1428	16:06:57
2_	9	2	1	17	17	1444	16:06:57
2_	9	2	1	18	18	3602	16:06:57
3_	13	2	0	1	10	3763	16:38:50
3_	13	2	0	2	9	3463	16:38:50
3_	13	2	1	3	3	4079	16:38:50
3_	13	2	0	4	5	2387	16:38:50
3_	13	2	0	5	6	6421	16:38:50
3_	13	2	0	6	4	8284	16:38:50
3_	13	2	1	7	7	1696	16:38:50
3_	13	2	0	8	2	6897	16:38:50
3_	13	2	0	9	16	8920	16:38:50
3_	13	2	1	10	10	3001	16:38:50
3_	13	2	1	11	11	1016	16:38:50
3_	13	2	1	12	12	3807	16:38:50
3_	13	2	1	13	13	2281	16:38:50
3_	13	2	1	14	14	1476	16:38:50
3_	13	2	1	15	15	1848	16:38:50
3_	13	2	0	16	17	9217	16:38:50
3_	13	2	0	17	16	8243	16:38:50
3_	13	2	1	18	18	7232	16:38:50
3_	17	2	1	1	1	3011	13:49:22
3_	17	2	0	2	4	9211	13:49:22
3_	17	2	0	3	5	4752	13:49:22
3_	17	2	0	4	3	8749	13:49:22
3_	17	2	0	5	4	7724	13:49:22
3_	17	2	0	6	2	4632	13:49:22
3_	17	2	1	7	7	1051	13:49:22
3_	17	2	1	8	8	1370	13:49:22
3_	17	2	1	9	9	7392	13:49:22
3_	17	2	1	10	10	3385	13:49:22
3_	17	2	0	11	12	4908	13:49:22
3_	17	2	0	12	11	2458	13:49:22
3_	17	2	1	13	13	2644	13:49:22
3_	17	2	1	14	14	7588	13:49:22
3_	17	2	1	15	15	1565	13:49:22
3_	17	2	0	16	13	4655	13:49:22
3_	17	2	0	17	16	6164	13:49:22
3_	17	2	1	18	18	2955	13:49:22
3_	21	3	0	1	10	2194	14:31:10
3_	21	3	0	2	5	8050	14:31:10
3_	21	3	1	3	3	1729	14:31:10
3_	21	3	1	4	4	4982	14:31:10
3_	21	3	0	5	2	5043	14:31:10
3_	21	3	1	6	6	3058	14:31:10
3_	21	3	1	7	7	1781	14:31:10
3_	21	3	1	8	8	5283	14:31:10
3_	21	3	1	9	9	8040	14:31:10
3_	21	3	0	10	1	2485	14:31:10
3_	21	3	1	11	11	1688	14:31:10
3_	21	3	0	12	4	8946	14:31:10
3_	21	3	1	13	13	2114	14:31:10
3_	21	3	1	14	14	2155	14:31:10
3_	21	3	1	15	15	1537	14:31:10
3_	21	3	1	16	16	2027	14:31:10
3_	21	3	1	17	17	1474	14:31:10
3_	21	3	0	18	12	12178	14:31:10
3_	30	2	0	1	10	8091	15:05:25
3_	30	2	0	2	6	5676	15:05:25
3_	30	2	0	3	5	3804	15:05:25
3_	30	2	0	4	3	4746	15:05:25
3_	30	2	0	5	11	6203	15:05:25
3_	30	2	0	6	4	12144	15:05:25
3_	30	2	0	7	5	11298	15:05:25
3_	30	2	1	8	8	2865	15:05:25
3_	30	2	1	9	9	3720	15:05:25
3_	30	2	1	10	10	2218	15:05:25
3_	30	2	0	11	7	3053	15:05:25
3_	30	2	1	12	12	1011	15:05:25
3_	30	2	0	13	11	12407	15:05:25
3_	30	2	1	14	14	1616	15:05:25
3_	30	2	0	15	16	7533	15:05:25
3_	30	2	0	16	15	2616	15:05:25
3_	30	2	1	17	17	997	15:05:25
3_	30	2	1	18	18	2377	15:05:25
3_	4	3	0	1	2	868	15:51:07
3_	4	3	0	2	5	570	15:51:07
3_	4	3	0	3	13	1126	15:51:07
3_	4	3	0	4	14	984	15:51:07
3_	4	3	0	5	13	713	15:51:07
3_	4	3	0	6	18	603	15:51:07
3_	4	3	0	7	5	391	15:51:07
3_	4	3	0	8	4	302	15:51:07
3_	4	3	0	9	17	283	15:51:07
3_	4	3	0	10	16	75	15:51:07
3_	4	3	0	11	9	34	15:51:07
3_	4	3	0	12	2	273	15:51:07
3_	4	3	0	13	6	376	15:51:07
3_	4	3	0	14	6	360	15:51:07
3_	4	3	0	15	13	260	15:51:07
3_	4	3	0	16	4	174	15:51:07
3_	4	3	0	17	15	268	15:51:07
3_	4	3	0	18	7	244	15:51:07
3_	9	1	0	1	10	4876	15:58:19
3_	9	1	1	2	2	1743	15:58:19
3_	9	1	1	3	3	1568	15:58:19
3_	9	1	1	4	4	2450	15:58:19
3_	9	1	1	5	5	1658	15:58:19
3_	9	1	1	6	6	4950	15:58:19
3_	9	1	1	7	7	1907	15:58:19
3_	9	1	1	8	8	1408	15:58:19
3_	9	1	1	9	9	1914	15:58:19
3_	9	1	0	10	1	4036	15:58:19
3_	9	1	1	11	11	4158	15:58:19
3_	9	1	1	12	12	1372	15:58:19
3_	9	1	1	13	13	1625	15:58:19
3_	9	1	1	14	14	1505	15:58:19
3_	9	1	1	15	15	1588	15:58:19
3_	9	1	1	16	16	2191	15:58:19
3_	9	1	1	17	17	1369	15:58:19
3_	9	1	1	18	18	2571	15:58:19
4_	17	4	0	1	5	4272	14:05:31
4_	17	4	1	2	2	4335	14:05:31
4_	17	4	1	3	3	2258	14:05:31
4_	17	4	1	4	4	10871	14:05:31
4_	17	4	0	5	1	4903	14:05:31
4_	17	4	1	6	6	1115	14:05:31
4_	17	4	1	7	7	2317	14:05:31
4_	17	4	1	8	8	2189	14:05:31
4_	17	4	1	9	9	2719	14:05:31
4_	17	4	1	10	10	2917	14:05:31
4_	17	4	1	11	11	1103	14:05:31
4_	17	4	1	12	12	3076	14:05:31
4_	17	4	1	13	13	1940	14:05:31
4_	17	4	1	14	14	2998	14:05:31
4_	17	4	1	15	15	3227	14:05:31
4_	17	4	1	16	16	4275	14:05:31
4_	17	4	1	17	17	5443	14:05:31
4_	17	4	1	18	18	1943	14:05:31
4_	21	4	1	1	1	1969	14:39:50
4_	21	4	1	2	2	8826	14:39:50
4_	21	4	1	3	3	7592	14:39:50
4_	21	4	1	4	4	2193	14:39:50
4_	21	4	1	5	5	2220	14:39:50
4_	21	4	1	6	6	9738	14:39:50
4_	21	4	1	7	7	1788	14:39:50
4_	21	4	0	8	10	4270	14:39:50
4_	21	4	1	9	9	6069	14:39:50
4_	21	4	0	10	14	4878	14:39:50
4_	21	4	1	11	11	2481	14:39:50
4_	21	4	1	12	12	1487	14:39:50
4_	21	4	1	13	13	3825	14:39:50
4_	21	4	1	14	14	8055	14:39:50
4_	21	4	1	15	15	2020	14:39:50
4_	21	4	1	16	16	1977	14:39:50
4_	21	4	1	17	17	3032	14:39:50
4_	21	4	1	18	18	1755	14:39:50
4_	30	4	1	1	1	3160	15:21:59
4_	30	4	0	2	8	3123	15:21:59
4_	30	4	0	3	13	2369	15:21:59
4_	30	4	1	4	4	2396	15:21:59
4_	30	4	0	5	6	4132	15:21:59
4_	30	4	0	6	2	3927	15:21:59
4_	30	4	1	7	7	1467	15:21:59
4_	30	4	0	8	15	4092	15:21:59
4_	30	4	1	9	9	4659	15:21:59
4_	30	4	0	10	12	1520	15:21:59
4_	30	4	1	11	11	1400	15:21:59
4_	30	4	0	12	3	6048	15:21:59
4_	30	4	0	13	10	7381	15:21:59
4_	30	4	0	14	16	2405	15:21:59
4_	30	4	1	15	15	1601	15:21:59
4_	30	4	0	16	14	2129	15:21:59
4_	30	4	1	17	17	1569	15:21:59
4_	30	4	1	18	18	1447	15:21:59
1_	12	3	0	1	6	3100	16:19:20
1_	12	3	1	2	2	3453	16:19:20
1_	12	3	0	3	1	3258	16:19:20
1_	12	3	1	4	4	1932	16:19:20
1_	12	3	0	5	3	4313	16:19:20
1_	12	3	0	6	8	6378	16:19:20
1_	12	3	0	7	9	1857	16:19:20
1_	12	3	1	8	8	2828	16:19:20
1_	12	3	0	9	10	1255	16:19:20
1_	12	3	0	10	9	5159	16:19:20
1_	12	3	1	11	11	2481	16:19:20
1_	12	3	0	12	7	4316	16:19:20
1_	12	3	1	13	13	1508	16:19:20
1_	12	3	1	14	14	3058	16:19:20
1_	12	3	1	15	15	1125	16:19:20
1_	12	3	1	16	16	1171	16:19:20
1_	12	3	1	17	17	10104	16:19:20
1_	12	3	1	18	18	1907	16:19:20
1_	19	2	1	1	1	2006	13:38:36
1_	19	2	0	2	6	7650	13:38:36
1_	19	2	1	3	3	5819	13:38:36
1_	19	2	1	4	4	2320	13:38:36
1_	19	2	1	5	5	8163	13:38:36
1_	19	2	0	6	11	5692	13:38:36
1_	19	2	0	7	15	4388	13:38:36
1_	19	2	0	8	9	5621	13:38:36
1_	19	2	0	9	10	2843	13:38:36
1_	19	2	0	10	2	10484	13:38:36
1_	19	2	1	11	11	3200	13:38:36
1_	19	2	1	12	12	8215	13:38:36
1_	19	2	1	13	13	4528	13:38:36
1_	19	2	1	14	14	2670	13:38:36
1_	19	2	1	15	15	6597	13:38:36
1_	19	2	1	16	16	1339	13:38:36
1_	19	2	1	17	17	1581	13:38:36
1_	19	2	1	18	18	8851	13:38:36
1_	25	1	1	1	1	1792	14:03:06
1_	25	1	0	2	4	4320	14:03:06
1_	25	1	0	3	6	2418	14:03:06
1_	25	1	0	4	2	2825	14:03:06
1_	25	1	0	5	3	1599	14:03:06
1_	25	1	0	6	2	6030	14:03:06
1_	25	1	1	7	7	3328	14:03:06
1_	25	1	1	8	8	1669	14:03:06
1_	25	1	0	9	10	1430	14:03:06
1_	25	1	0	10	9	2968	14:03:06
1_	25	1	1	11	11	2019	14:03:06
1_	25	1	1	12	12	2009	14:03:06
1_	25	1	1	13	13	2509	14:03:06
1_	25	1	1	14	14	1587	14:03:06
1_	25	1	1	15	15	1802	14:03:06
1_	25	1	1	16	16	1466	14:03:06
1_	25	1	0	17	18	5425	14:03:06
1_	25	1	1	18	18	3263	14:03:06
1_	27	1	0	1	16	3370	14:28:45
1_	27	1	0	2	1	4747	14:28:45
1_	27	1	0	3	1	2556	14:28:45
1_	27	1	0	4	6	6944	14:28:45
1_	27	1	0	5	6	4615	14:28:45
1_	27	1	0	6	5	7197	14:28:45
1_	27	1	0	7	9	3379	14:28:45
1_	27	1	1	8	8	6217	14:28:45
1_	27	1	0	9	10	1428	14:28:45
1_	27	1	0	10	4	4891	14:28:45
1_	27	1	0	11	12	1316	14:28:45
1_	27	1	0	12	13	3339	14:28:45
1_	27	1	0	13	18	2524	14:28:45
1_	27	1	0	14	11	4162	14:28:45
1_	27	1	1	15	15	4524	14:28:45
1_	27	1	0	16	2	4425	14:28:45
1_	27	1	0	17	14	3239	14:28:45
1_	27	1	1	18	18	2194	14:28:45
1_	3	1	0	1	18	6728	15:02:24
1_	3	1	1	2	2	3069	15:02:24
1_	3	1	1	3	3	4254	15:02:24
1_	3	1	1	4	4	1793	15:02:24
1_	3	1	0	5	1	7596	15:02:24
1_	3	1	1	6	6	2162	15:02:24
1_	3	1	0	7	9	10314	15:02:24
1_	3	1	0	8	9	2643	15:02:24
1_	3	1	0	9	8	1219	15:02:24
1_	3	1	1	10	10	2253	15:02:24
1_	3	1	1	11	11	969	15:02:24
1_	3	1	1	12	12	1123	15:02:24
1_	3	1	1	13	13	1314	15:02:24
1_	3	1	1	14	14	2641	15:02:24
1_	3	1	1	15	15	2723	15:02:24
1_	3	1	1	16	16	1467	15:02:24
1_	3	1	1	17	17	1074	15:02:24
1_	3	1	1	18	18	17337	15:02:24
1_	32	2	0	1	3	7659	15:06:50
1_	32	2	0	2	7	1863	15:06:50
1_	32	2	0	3	6	2442	15:06:50
1_	32	2	0	4	1	2978	15:06:50
1_	32	2	1	5	5	5847	15:06:50
1_	32	2	1	6	6	2792	15:06:50
1_	32	2	0	7	11	4409	15:06:50
1_	32	2	1	8	8	2227	15:06:50
1_	32	2	0	9	16	3508	15:06:50
1_	32	2	0	10	9	4767	15:06:50
1_	32	2	0	11	1	7144	15:06:50
1_	32	2	0	12	7	2116	15:06:50
1_	32	2	1	13	13	1763	15:06:50
1_	32	2	1	14	14	1581	15:06:50
1_	32	2	0	15	6	7827	15:06:50
1_	32	2	1	16	16	1282	15:06:50
1_	32	2	1	17	17	2198	15:06:50
1_	32	2	1	18	18	2444	15:06:50
1_	7	3	0	1	4	9284	15:47:44
1_	7	3	0	2	6	2713	15:47:44
1_	7	3	0	3	5	2018	15:47:44
1_	7	3	0	4	3	1793	15:47:44
1_	7	3	0	5	4	4781	15:47:44
1_	7	3	0	6	11	3090	15:47:44
1_	7	3	1	7	7	1969	15:47:44
1_	7	3	1	8	8	2411	15:47:44
1_	7	3	0	9	10	1717	15:47:44
1_	7	3	0	10	3	1862	15:47:44
1_	7	3	0	11	9	2274	15:47:44
1_	7	3	0	12	1	2458	15:47:44
1_	7	3	0	13	2	2597	15:47:44
1_	7	3	1	14	14	7677	15:47:44
1_	7	3	1	15	15	4488	15:47:44
1_	7	3	0	16	17	1748	15:47:44
1_	7	3	0	17	16	3665	15:47:44
1_	7	3	1	18	18	1314	15:47:44
2_	12	2	1	1	1	2837	16:10:47
2_	12	2	0	2	3	7942	16:10:47
2_	12	2	0	3	6	1680	16:10:47
2_	12	2	0	4	16	5254	16:10:47
2_	12	2	0	5	2	4829	16:10:47
2_	12	2	0	6	5	5321	16:10:47
2_	12	2	0	7	12	5306	16:10:47
2_	12	2	1	8	8	5182	16:10:47
2_	12	2	1	9	9	1539	16:10:47
2_	12	2	0	10	16	3898	16:10:47
2_	12	2	1	11	11	4067	16:10:47
2_	12	2	0	12	7	6379	16:10:47
2_	12	2	0	13	7	2394	16:10:47
2_	12	2	1	14	14	1699	16:10:47
2_	12	2	0	15	18	3621	16:10:47
2_	12	2	0	16	2	1260	16:10:47
2_	12	2	1	17	17	3855	16:10:47
2_	12	2	0	18	10	1274	16:10:47
2_	19	1	1	1	1	2990	13:29:45
2_	19	1	1	2	2	4863	13:29:45
2_	19	1	1	3	3	2004	13:29:45
2_	19	1	0	4	16	8650	13:29:45
2_	19	1	1	5	5	1650	13:29:45
2_	19	1	1	6	6	4536	13:29:45
2_	19	1	1	7	7	1713	13:29:45
2_	19	1	1	8	8	2522	13:29:45
2_	19	1	1	9	9	1740	13:29:45
2_	19	1	1	10	10	2596	13:29:45
2_	19	1	1	11	11	860	13:29:45
2_	19	1	1	12	12	2027	13:29:45
2_	19	1	1	13	13	2289	13:29:45
2_	19	1	1	14	14	14713	13:29:45
2_	19	1	1	15	15	1493	13:29:45
2_	19	1	1	16	16	7996	13:29:45
2_	19	1	1	17	17	7539	13:29:45
2_	19	1	0	18	4	1802	13:29:45
2_	25	3	1	1	1	1817	14:20:24
2_	25	3	0	2	12	3139	14:20:24
2_	25	3	1	3	3	7845	14:20:24
2_	25	3	1	4	4	2526	14:20:24
2_	25	3	1	5	5	2035	14:20:24
2_	25	3	1	6	6	2988	14:20:24
2_	25	3	1	7	7	1554	14:20:24
2_	25	3	1	8	8	2353	14:20:24
2_	25	3	1	9	9	1753	14:20:24
2_	25	3	1	10	10	1824	14:20:24
2_	25	3	1	11	11	999	14:20:24
2_	25	3	1	12	12	2733	14:20:24
2_	25	3	1	13	13	2178	14:20:24
2_	25	3	1	14	14	1432	14:20:24
2_	25	3	1	15	15	1781	14:20:24
2_	25	3	1	16	16	1104	14:20:24
2_	25	3	1	17	17	1407	14:20:24
2_	25	3	1	18	18	2105	14:20:24
2_	27	3	1	1	1	9953	14:45:09
2_	27	3	0	2	5	3328	14:45:09
2_	27	3	0	3	2	2324	14:45:09
2_	27	3	0	4	9	6713	14:45:09
2_	27	3	0	5	4	4834	14:45:09
2_	27	3	0	6	4	8909	14:45:09
2_	27	3	1	7	7	1511	14:45:09
2_	27	3	1	8	8	1966	14:45:09
2_	27	3	1	9	9	7503	14:45:09
2_	27	3	0	10	13	10100	14:45:09
2_	27	3	0	11	13	5356	14:45:09
2_	27	3	1	12	12	2491	14:45:09
2_	27	3	1	13	13	2233	14:45:09
2_	27	3	1	14	14	6324	14:45:09
2_	27	3	1	15	15	3882	14:45:09
2_	27	3	0	16	3	4950	14:45:09
2_	27	3	1	17	17	1780	14:45:09
2_	27	3	0	18	3	2089	14:45:09
2_	3	2	1	1	1	1768	15:10:58
2_	3	2	1	2	2	9096	15:10:58
2_	3	2	1	3	3	1625	15:10:58
2_	3	2	1	4	4	20289	15:10:58
2_	3	2	1	5	5	2336	15:10:58
2_	3	2	1	6	6	4841	15:10:58
2_	3	2	1	7	7	3760	15:10:58
2_	3	2	1	8	8	2297	15:10:58
2_	3	2	1	9	9	1314	15:10:58
2_	3	2	1	10	10	1526	15:10:58
2_	3	2	1	11	11	1191	15:10:58
2_	3	2	1	12	12	1403	15:10:58
2_	3	2	1	13	13	1648	15:10:58
2_	3	2	1	14	14	5928	15:10:58
2_	3	2	1	15	15	3237	15:10:58
2_	3	2	1	16	16	8697	15:10:58
2_	3	2	1	17	17	1328	15:10:58
2_	3	2	1	18	18	1534	15:10:58
2_	32	3	1	1	1	5376	15:14:45
2_	32	3	1	2	2	2918	15:14:45
2_	32	3	1	3	3	2688	15:14:45
2_	32	3	1	4	4	8384	15:14:45
2_	32	3	1	5	5	8114	15:14:45
2_	32	3	1	6	6	9947	15:14:45
2_	32	3	1	7	7	1563	15:14:45
2_	32	3	1	8	8	2485	15:14:45
2_	32	3	1	9	9	2057	15:14:45
2_	32	3	1	10	10	2445	15:14:45
2_	32	3	1	11	11	5795	15:14:45
2_	32	3	1	12	12	1993	15:14:45
2_	32	3	1	13	13	3764	15:14:45
2_	32	3	1	14	14	1438	15:14:45
2_	32	3	1	15	15	6018	15:14:45
2_	32	3	1	16	16	1769	15:14:45
2_	32	3	1	17	17	11043	15:14:45
2_	32	3	1	18	18	2177	15:14:45
2_	7	2	0	1	4	3999	15:39:02
2_	7	2	0	2	3	3648	15:39:02
2_	7	2	0	3	5	9718	15:39:02
2_	7	2	0	4	1	6214	15:39:02
2_	7	2	0	5	3	7944	15:39:02
2_	7	2	0	6	2	6434	15:39:02
2_	7	2	1	7	7	1260	15:39:02
2_	7	2	1	8	8	2920	15:39:02
2_	7	2	1	9	9	3584	15:39:02
2_	7	2	1	10	10	1600	15:39:02
2_	7	2	0	11	17	1593	15:39:02
2_	7	2	1	12	12	2371	15:39:02
2_	7	2	1	13	13	1819	15:39:02
2_	7	2	1	14	14	1785	15:39:02
2_	7	2	1	15	15	2442	15:39:02
2_	7	2	1	16	16	2162	15:39:02
2_	7	2	0	17	2	4724	15:39:02
2_	7	2	0	18	1	4497	15:39:02
3_	12	1	0	1	9	4895	16:01:59
3_	12	1	0	2	10	5328	16:01:59
3_	12	1	1	3	3	4892	16:01:59
3_	12	1	1	4	4	3260	16:01:59
3_	12	1	0	5	1	4337	16:01:59
3_	12	1	0	6	5	7343	16:01:59
3_	12	1	1	7	7	1498	16:01:59
3_	12	1	1	8	8	1801	16:01:59
3_	12	1	0	9	16	5537	16:01:59
3_	12	1	0	10	6	6787	16:01:59
3_	12	1	1	11	11	4267	16:01:59
3_	12	1	0	12	1	5621	16:01:59
3_	12	1	0	13	8	3067	16:01:59
3_	12	1	0	14	6	5858	16:01:59
3_	12	1	1	15	15	2238	16:01:59
3_	12	1	0	16	3	6096	16:01:59
3_	12	1	1	17	17	1497	16:01:59
3_	12	1	0	18	13	1745	16:01:59
3_	19	3	0	1	10	2867	13:47:00
3_	19	3	1	2	2	4755	13:47:00
3_	19	3	1	3	3	4864	13:47:00
3_	19	3	1	4	4	7059	13:47:00
3_	19	3	1	5	5	1752	13:47:00
3_	19	3	1	6	6	1621	13:47:00
3_	19	3	1	7	7	3755	13:47:00
3_	19	3	1	8	8	2344	13:47:00
3_	19	3	1	9	9	3945	13:47:00
3_	19	3	1	10	10	2562	13:47:00
3_	19	3	1	11	11	1245	13:47:00
3_	19	3	1	12	12	3324	13:47:00
3_	19	3	1	13	13	3792	13:47:00
3_	19	3	1	14	14	1875	13:47:00
3_	19	3	1	15	15	3538	13:47:00
3_	19	3	1	16	16	1948	13:47:00
3_	19	3	1	17	17	1499	13:47:00
3_	19	3	1	18	18	5586	13:47:00
3_	25	2	1	1	1	3463	14:12:14
3_	25	2	1	2	2	8910	14:12:14
3_	25	2	1	3	3	3511	14:12:14
3_	25	2	0	4	11	6117	14:12:14
3_	25	2	1	5	5	2373	14:12:14
3_	25	2	1	6	6	1890	14:12:14
3_	25	2	1	7	7	1699	14:12:14
3_	25	2	1	8	8	3659	14:12:14
3_	25	2	0	9	2	5861	14:12:14
3_	25	2	0	10	1	3138	14:12:14
3_	25	2	0	11	12	5835	14:12:14
3_	25	2	0	12	8	4423	14:12:14
3_	25	2	1	13	13	1573	14:12:14
3_	25	2	1	14	14	2187	14:12:14
3_	25	2	1	15	15	1269	14:12:14
3_	25	2	1	16	16	2237	14:12:14
3_	25	2	1	17	17	1497	14:12:14
3_	25	2	1	18	18	1320	14:12:14
3_	27	2	1	1	1	1604	14:37:20
3_	27	2	0	2	12	3301	14:37:20
3_	27	2	0	3	11	5167	14:37:20
3_	27	2	0	4	3	3177	14:37:20
3_	27	2	0	5	6	3031	14:37:20
3_	27	2	0	6	5	3082	14:37:20
3_	27	2	0	7	5	3961	14:37:20
3_	27	2	1	8	8	1689	14:37:20
3_	27	2	1	9	9	6208	14:37:20
3_	27	2	1	10	10	1340	14:37:20
3_	27	2	0	11	3	3468	14:37:20
3_	27	2	0	12	2	2284	14:37:20
3_	27	2	1	13	13	3987	14:37:20
3_	27	2	1	14	14	2378	14:37:20
3_	27	2	0	15	16	3432	14:37:20
3_	27	2	0	16	17	1587	14:37:20
3_	27	2	0	17	18	4278	14:37:20
3_	27	2	0	18	16	2033	14:37:20
3_	3	3	0	1	10	3255	15:19:05
3_	3	3	1	2	2	4195	15:19:05
3_	3	3	1	3	3	1273	15:19:05
3_	3	3	1	4	4	9832	15:19:05
3_	3	3	0	5	7	5203	15:19:05
3_	3	3	0	6	5	8865	15:19:05
3_	3	3	0	7	1	8913	15:19:05
3_	3	3	1	8	8	1763	15:19:05
3_	3	3	0	9	12	11964	15:19:05
3_	3	3	0	10	11	14575	15:19:05
3_	3	3	0	11	7	11546	15:19:05
3_	3	3	0	12	6	18842	15:19:05
3_	3	3	1	13	13	1989	15:19:05
3_	3	3	1	14	14	1503	15:19:05
3_	3	3	1	15	15	1172	15:19:05
3_	3	3	0	16	18	10273	15:19:05
3_	3	3	1	17	17	1865	15:19:05
3_	3	3	1	18	18	1018	15:19:05
3_	32	1	1	1	1	8853	14:55:00
3_	32	1	1	2	2	4232	14:55:00
3_	32	1	1	3	3	1819	14:55:00
3_	32	1	0	4	5	4235	14:55:00
3_	32	1	0	5	10	6926	14:55:00
3_	32	1	0	6	10	8219	14:55:00
3_	32	1	1	7	7	2488	14:55:00
3_	32	1	0	8	4	3306	14:55:00
3_	32	1	0	9	1	8734	14:55:00
3_	32	1	1	10	10	2099	14:55:00
3_	32	1	1	11	11	9274	14:55:00
3_	32	1	0	12	8	2395	14:55:00
3_	32	1	1	13	13	2050	14:55:00
3_	32	1	1	14	14	1656	14:55:00
3_	32	1	1	15	15	1541	14:55:00
3_	32	1	1	16	16	6133	14:55:00
3_	32	1	1	17	17	6490	14:55:00
3_	32	1	0	18	13	3163	14:55:00
3_	7	1	0	1	10	3709	15:30:41
3_	7	1	0	2	9	5002	15:30:41
3_	7	1	1	3	3	1897	15:30:41
3_	7	1	0	4	1	2248	15:30:41
3_	7	1	1	5	5	1800	15:30:41
3_	7	1	0	6	4	2774	15:30:41
3_	7	1	0	7	12	2004	15:30:41
3_	7	1	0	8	1	2170	15:30:41
3_	7	1	0	9	2	3586	15:30:41
3_	7	1	1	10	10	1954	15:30:41
3_	7	1	0	11	16	3848	15:30:41
3_	7	1	0	12	7	1630	15:30:41
3_	7	1	0	13	4	4715	15:30:41
3_	7	1	1	14	14	1332	15:30:41
3_	7	1	1	15	15	1329	15:30:41
3_	7	1	0	16	11	3167	15:30:41
3_	7	1	1	17	17	3095	15:30:41
3_	7	1	1	18	18	3201	15:30:41
4_	19	4	1	1	1	1127	13:54:54
4_	19	4	1	2	2	7443	13:54:54
4_	19	4	1	3	3	1658	13:54:54
4_	19	4	1	4	4	1568	13:54:54
4_	19	4	1	5	5	6545	13:54:54
4_	19	4	1	6	6	1939	13:54:54
4_	19	4	1	7	7	1930	13:54:54
4_	19	4	0	8	15	5639	13:54:54
4_	19	4	0	9	10	4947	13:54:54
4_	19	4	0	10	9	1855	13:54:54
4_	19	4	1	11	11	4659	13:54:54
4_	19	4	0	12	8	12408	13:54:54
4_	19	4	1	13	13	1771	13:54:54
4_	19	4	1	14	14	1632	13:54:54
4_	19	4	1	15	15	1307	13:54:54
4_	19	4	1	16	16	1681	13:54:54
4_	19	4	1	17	17	1708	13:54:54
4_	19	4	1	18	18	2111	13:54:54
