Condition	Subject	Session	Correct	Response	CorrectAns	RT	TestIndex
1_80per	6	1	0	6	18	14778	1
1_80per	6	1	1	3	3	9139	2
1_80per	6	1	1	17	17	6708	3
1_80per	6	1	0	2	16	1721	4
1_80per	6	1	0	15	9	5834	5
1_80per	6	1	1	5	5	4491	6
1_80per	6	1	1	10	10	3853	7
1_80per	6	1	1	12	12	1784	8
1_80per	6	1	1	13	13	4033	9
1_80per	6	1	0	16	1	4356	10
1_80per	6	1	0	16	6	3908	11
1_80per	6	1	1	4	4	2306	12
1_80per	6	1	1	14	14	2012	13
1_80per	6	1	0	18	2	4101	14
1_80per	6	1	1	8	8	1608	15
1_80per	6	1	0	9	15	5608	16
1_80per	6	1	1	11	11	2875	17
1_80per	6	1	1	7	7	1786	18
1_80per	7	1	0	12	3	1674	1
1_80per	7	1	0	17	10	2361	2
1_80per	7	1	0	10	4	2556	3
1_80per	7	1	0	8	5	5273	4
1_80per	7	1	0	2	7	4104	5
1_80per	7	1	0	7	17	2045	6
1_80per	7	1	0	2	13	6531	7
1_80per	7	1	0	12	1	3201	8
1_80per	7	1	0	16	18	3552	9
1_80per	7	1	0	17	6	5013	10
1_80per	7	1	0	18	9	4136	11
1_80per	7	1	0	6	14	2910	12
1_80per	7	1	0	14	2	4205	13
1_80per	7	1	0	7	11	2144	14
1_80per	7	1	1	8	8	3080	15
1_80per	7	1	0	17	12	2980	16
1_80per	7	1	0	1	16	5827	17
1_80per	7	1	0	7	15	5377	18
1_80per	8	1	0	6	15	7139	1
1_80per	8	1	0	1	11	6291	2
1_80per	8	1	0	14	16	1424	3
1_80per	8	1	0	5	12	2871	4
1_80per	8	1	1	4	4	1159	5
1_80per	8	1	0	10	17	3754	6
1_80per	8	1	0	11	6	1439	7
1_80per	8	1	0	17	2	2305	8
1_80per	8	1	0	18	9	1719	9
1_80per	8	1	0	8	3	2032	10
1_80per	8	1	0	11	18	1476	11
1_80per	8	1	0	3	8	1427	12
1_80per	8	1	1	7	7	1305	13
1_80per	8	1	0	16	1	2443	14
1_80per	8	1	0	5	13	2368	15
1_80per	8	1	0	1	14	1002	16
1_80per	8	1	0	9	5	771	17
1_80per	8	1	0	17	10	645	18
1_80per	9	1	0	11	6	4587	1
1_80per	9	1	0	18	11	3109	2
1_80per	9	1	0	8	15	1715	3
1_80per	9	1	1	17	17	4483	4
1_80per	9	1	0	4	2	2166	5
1_80per	9	1	0	12	14	1545	6
1_80per	9	1	0	6	8	2723	7
1_80per	9	1	0	17	1	2803	8
1_80per	9	1	0	2	3	3241	9
1_80per	9	1	0	14	5	2477	10
1_80per	9	1	0	15	7	1178	11
1_80per	9	1	0	3	18	3479	12
1_80per	9	1	0	1	4	2756	13
1_80per	9	1	0	7	13	2401	14
1_80per	9	1	0	13	10	2015	15
1_80per	9	1	0	11	9	1945	16
1_80per	9	1	0	9	16	3554	17
1_80per	9	1	0	5	12	2479	18
1_80per	10	1	0	1	3	6576	1
1_80per	10	1	0	11	4	4153	2
1_80per	10	1	0	15	11	11014	3
1_80per	10	1	0	3	15	2042	4
1_80per	10	1	0	17	1	4992	5
1_80per	10	1	0	15	6	8155	6
1_80per	10	1	0	6	8	6407	7
1_80per	10	1	0	2	18	5272	8
1_80per	10	1	1	13	13	1769	9
1_80per	10	1	0	16	10	15363	10
1_80per	10	1	0	5	2	6556	11
1_80per	10	1	0	6	12	8176	12
1_80per	10	1	0	2	9	11791	13
1_80per	10	1	0	9	14	10814	14
1_80per	10	1	0	12	5	1322	15
1_80per	10	1	0	8	7	3403	16
1_80per	10	1	0	15	17	4713	17
1_80per	10	1	0	14	16	4594	18
1_80per	11	1	0	15	2	3576	1
1_80per	11	1	0	7	15	5228	2
1_80per	11	1	0	18	9	1763	3
1_80per	11	1	0	14	4	2332	4
1_80per	11	1	0	17	14	2117	5
1_80per	11	1	1	12	12	1267	6
1_80per	11	1	0	16	10	2283	7
1_80per	11	1	0	3	16	2730	8
1_80per	11	1	0	11	18	1454	9
1_80per	11	1	1	13	13	1570	10
1_80per	11	1	0	4	17	1725	11
1_80per	11	1	0	8	7	1930	12
1_80per	11	1	0	10	5	1594	13
1_80per	11	1	0	5	6	2637	14
1_80per	11	1	0	2	1	1021	15
1_80per	11	1	0	1	8	1657	16
1_80per	11	1	0	12	3	1799	17
1_80per	11	1	0	18	11	865	18
1_80per	12	1	0	3	2	3624	1
1_80per	12	1	0	2	4	1527	2
1_80per	12	1	0	1	10	2284	3
1_80per	12	1	1	11	11	4367	4
1_80per	12	1	0	4	8	2577	5
1_80per	12	1	0	16	9	4103	6
1_80per	12	1	0	3	7	1588	7
1_80per	12	1	0	10	6	5053	8
1_80per	12	1	0	8	15	2893	9
1_80per	12	1	1	17	17	1190	10
1_80per	12	1	0	5	12	1646	11
1_80per	12	1	0	12	13	1583	12
1_80per	12	1	0	3	5	2201	13
1_80per	12	1	0	6	3	3928	14
1_80per	12	1	0	9	16	5142	15
1_80per	12	1	0	4	18	3733	16
1_80per	12	1	1	1	1	3730	17
1_80per	12	1	0	13	14	1797	18
1_80per	13	1	1	1	1	1900	1
1_80per	13	1	1	13	13	2785	2
1_80per	13	1	1	9	9	2571	3
1_80per	13	1	0	8	5	1880	4
1_80per	13	1	0	18	8	4868	5
1_80per	13	1	0	2	11	7189	6
1_80per	13	1	0	6	16	2830	7
1_80per	13	1	0	1	18	5937	8
1_80per	13	1	0	11	3	5723	9
1_80per	13	1	0	16	6	1504	10
1_80per	13	1	0	1	12	3252	11
1_80per	13	1	0	15	14	3155	12
1_80per	13	1	0	4	17	2617	13
1_80per	13	1	1	7	7	1646	14
1_80per	13	1	0	16	15	3304	15
1_80per	13	1	0	7	10	8676	16
1_80per	13	1	0	11	4	2146	17
1_80per	13	1	0	9	2	4821	18
1_80per	14	4	0	16	6	3141	1
1_80per	14	4	0	12	10	2702	2
1_80per	14	4	0	3	16	1572	3
1_80per	14	4	0	9	14	3439	4
1_80per	14	4	1	13	13	2266	5
1_80per	14	4	0	8	12	2225	6
1_80per	14	4	0	11	18	3549	7
1_80per	14	4	0	14	4	2061	8
1_80per	14	4	0	5	15	2905	9
1_80per	14	4	0	15	1	2511	10
1_80per	14	4	0	6	9	3034	11
1_80per	14	4	0	12	7	4013	12
1_80per	14	4	0	10	17	1944	13
1_80per	14	4	0	7	8	1838	14
1_80per	14	4	0	4	5	2346	15
1_80per	14	4	1	2	2	3760	16
1_80per	14	4	0	1	3	2602	17
1_80per	14	4	0	1	11	3441	18
1_80per	15	4	0	12	13	1040	1
1_80per	15	4	0	10	11	782	2
1_80per	15	4	0	14	8	720	3
1_80per	15	4	0	18	1	1367	4
1_80per	15	4	0	10	9	927	5
1_80per	15	4	0	15	5	901	6
1_80per	15	4	0	11	17	1696	7
1_80per	15	4	0	14	12	2881	8
1_80per	15	4	0	3	2	1262	9
1_80per	15	4	0	15	14	1808	10
1_80per	15	4	0	17	10	1044	11
1_80per	15	4	0	13	15	3035	12
1_80per	15	4	0	6	4	1323	13
1_80per	15	4	0	17	18	1324	14
1_80per	15	4	0	2	7	843	15
1_80per	15	4	0	8	6	1168	16
1_80per	15	4	0	5	3	800	17
1_80per	15	4	0	5	16	4439	18
1_80per	16	4	0	7	8	1163	1
1_80per	16	4	0	1	17	1191	2
1_80per	16	4	0	14	3	811	3
1_80per	16	4	0	18	15	1512	4
1_80per	16	4	0	6	5	1369	5
1_80per	16	4	0	8	13	1386	6
1_80per	16	4	0	11	1	2380	7
1_80per	16	4	0	15	6	3074	8
1_80per	16	4	0	4	10	1642	9
1_80per	16	4	0	17	11	2026	10
1_80per	16	4	0	2	4	2923	11
1_80per	16	4	0	5	2	1718	12
1_80per	16	4	0	9	14	1783	13
1_80per	16	4	0	3	16	1449	14
1_80per	16	4	0	10	7	1311	15
1_80per	16	4	0	8	9	1901	16
1_80per	16	4	0	5	18	1666	17
1_80per	16	4	1	12	12	1249	18
1_80per	17	4	0	17	9	2524	1
1_80per	17	4	0	15	17	1679	2
1_80per	17	4	0	11	2	2251	3
1_80per	17	4	0	10	6	4641	4
1_80per	17	4	0	13	3	1648	5
1_80per	17	4	0	4	13	1561	6
1_80per	17	4	0	7	10	1667	7
1_80per	17	4	0	14	12	3489	8
1_80per	17	4	0	2	14	1754	9
1_80per	17	4	0	12	4	1296	10
1_80per	17	4	1	16	16	1522	11
1_80per	17	4	0	1	8	2267	12
1_80per	17	4	0	6	5	1409	13
1_80per	17	4	0	3	1	3132	14
1_80per	17	4	0	8	15	1096	15
1_80per	17	4	0	5	11	1209	16
1_80per	17	4	0	8	18	2141	17
1_80per	17	4	0	18	7	5590	18
1_80per	18	4	0	6	9	2049	1
1_80per	18	4	1	1	1	1833	2
1_80per	18	4	0	10	5	2843	3
1_80per	18	4	0	9	10	7587	4
1_80per	18	4	0	16	6	1925	5
1_80per	18	4	0	5	17	2733	6
1_80per	18	4	1	13	13	1869	7
1_80per	18	4	0	7	16	1640	8
1_80per	18	4	0	2	11	5259	9
1_80per	18	4	1	18	18	2158	10
1_80per	18	4	1	4	4	7403	11
1_80per	18	4	1	12	12	1765	12
1_80per	18	4	0	11	2	3826	13
1_80per	18	4	1	15	15	7187	14
1_80per	18	4	1	3	3	1828	15
1_80per	18	4	0	8	7	2155	16
1_80per	18	4	1	14	14	6663	17
1_80per	18	4	0	4	8	11131	18
1_80per	19	4	0	15	12	8581	1
1_80per	19	4	0	12	10	2084	2
1_80per	19	4	0	1	3	5255	3
1_80per	19	4	0	5	11	4170	4
1_80per	19	4	0	8	2	2169	5
1_80per	19	4	0	2	5	7379	6
1_80per	19	4	0	16	18	2591	7
1_80per	19	4	1	7	7	2688	8
1_80per	19	4	1	4	4	1323	9
1_80per	19	4	0	14	8	9164	10
1_80per	19	4	0	10	6	2389	11
1_80per	19	4	0	13	15	7781	12
1_80per	19	4	0	3	14	3820	13
1_80per	19	4	0	8	16	5690	14
1_80per	19	4	1	13	13	2651	15
1_80per	19	4	0	15	9	2848	16
1_80per	19	4	0	15	1	6321	17
1_80per	19	4	0	9	17	6306	18
1_80per	20	4	0	8	16	1153	1
1_80per	20	4	0	18	12	1407	2
1_80per	20	4	0	7	1	1030	3
1_80per	20	4	0	2	6	2413	4
1_80per	20	4	0	1	18	1094	5
1_80per	20	4	0	12	4	1176	6
1_80per	20	4	0	7	10	1397	7
1_80per	20	4	1	7	7	1236	8
1_80per	20	4	0	1	14	1208	9
1_80per	20	4	0	10	2	1138	10
1_80per	20	4	0	14	13	1308	11
1_80per	20	4	0	17	3	1191	12
1_80per	20	4	0	5	15	1347	13
1_80per	20	4	0	11	8	1295	14
1_80per	20	4	0	18	17	1248	15
1_80per	20	4	0	6	5	1585	16
1_80per	20	4	0	7	11	1051	17
1_80per	20	4	0	7	9	1021	18
1_80per	21	1	0	8	3	4152	1
1_80per	21	1	0	5	4	10996	2
1_80per	21	1	0	11	18	5481	3
1_80per	21	1	1	10	10	1950	4
1_80per	21	1	1	12	12	2308	5
1_80per	21	1	1	11	11	4488	6
1_80per	21	1	1	17	17	8343	7
1_80per	21	1	0	2	9	2458	8
1_80per	21	1	0	2	8	6430	9
1_80per	21	1	1	7	7	2056	10
1_80per	21	1	0	4	5	5725	11
1_80per	21	1	0	15	2	3513	12
1_80per	21	1	0	6	15	1849	13
1_80per	21	1	0	4	16	2915	14
1_80per	21	1	0	3	6	4747	15
1_80per	21	1	0	16	1	6599	16
1_80per	21	1	1	14	14	1774	17
1_80per	21	1	0	5	13	3588	18
1_80per	22	1	0	2	16	2049	1
1_80per	22	1	0	5	18	1973	2
1_80per	22	1	0	8	6	2019	3
1_80per	22	1	1	4	4	1491	4
1_80per	22	1	1	1	1	1890	5
1_80per	22	1	0	18	11	2111	6
1_80per	22	1	0	16	14	2784	7
1_80per	22	1	0	6	8	3314	8
1_80per	22	1	1	13	13	1972	9
1_80per	22	1	0	9	12	1937	10
1_80per	22	1	0	6	5	1482	11
1_80per	22	1	0	12	2	2662	12
1_80per	22	1	0	3	17	1465	13
1_80per	22	1	0	7	9	1890	14
1_80per	22	1	0	4	15	2258	15
1_80per	22	1	0	8	7	2622	16
1_80per	22	1	0	11	3	3428	17
1_80per	22	1	0	14	10	4162	18
1_80per	23	1	0	7	15	9235	1
1_80per	23	1	0	9	3	10366	2
1_80per	23	1	0	15	16	9576	3
1_80per	23	1	0	8	9	2677	4
1_80per	23	1	0	2	8	6016	5
1_80per	23	1	0	3	17	4541	6
1_80per	23	1	1	12	12	1212	7
1_80per	23	1	1	4	4	10836	8
1_80per	23	1	1	13	13	1690	9
1_80per	23	1	0	6	11	3259	10
1_80per	23	1	0	18	2	7486	11
1_80per	23	1	1	5	5	2081	12
1_80per	23	1	0	11	18	14832	13
1_80per	23	1	1	10	10	3514	14
1_80per	23	1	0	16	6	5108	15
1_80per	23	1	1	1	1	14057	16
1_80per	23	1	1	7	7	4416	17
1_80per	23	1	1	14	14	3029	18
1_80per	25	4	0	14	2	1489	1
1_80per	25	4	1	17	17	2219	2
1_80per	25	4	1	15	15	2179	3
1_80per	25	4	0	2	1	2159	4
1_80per	25	4	1	4	4	2124	5
1_80per	25	4	0	5	11	2189	6
1_80per	25	4	0	3	10	1935	7
1_80per	25	4	0	16	8	1728	8
1_80per	25	4	0	8	5	2533	9
1_80per	25	4	0	6	18	2172	10
1_80per	25	4	0	10	16	1987	11
1_80per	25	4	0	15	6	1870	12
1_80per	25	4	0	12	14	1540	13
1_80per	25	4	0	1	12	2109	14
1_80per	25	4	0	7	3	3210	15
1_80per	25	4	0	11	9	4660	16
1_80per	25	4	0	9	7	1951	17
1_80per	25	4	0	5	13	2860	18
1_80per	26	1	0	18	3	5695	1
1_80per	26	1	0	1	17	1951	2
1_80per	26	1	0	14	12	2120	3
1_80per	26	1	0	9	15	3350	4
1_80per	26	1	0	8	4	2580	5
1_80per	26	1	0	15	18	2769	6
1_80per	26	1	0	10	13	5027	7
1_80per	26	1	0	18	14	4798	8
1_80per	26	1	1	7	7	2763	9
1_80per	26	1	0	5	11	2451	10
1_80per	26	1	0	12	10	1865	11
1_80per	26	1	1	6	6	2043	12
1_80per	26	1	0	4	5	2113	13
1_80per	26	1	0	3	1	3001	14
1_80per	26	1	0	13	2	5210	15
1_80per	26	1	0	17	9	2587	16
1_80per	26	1	0	11	16	3580	17
1_80per	26	1	0	2	8	4428	18
1_80per	27	4	1	8	8	2440	1
1_80per	27	4	0	1	9	2116	2
1_80per	27	4	1	18	18	8181	3
1_80per	27	4	0	10	7	3057	4
1_80per	27	4	1	6	6	1628	5
1_80per	27	4	1	2	2	2037	6
1_80per	27	4	1	15	15	7039	7
1_80per	27	4	1	16	16	1581	8
1_80per	27	4	0	7	1	7256	9
1_80per	27	4	1	3	3	5060	10
1_80per	27	4	0	7	17	6239	11
1_80per	27	4	1	14	14	4841	12
1_80per	27	4	0	8	5	9876	13
1_80per	27	4	1	13	13	1635	14
1_80per	27	4	1	11	11	1768	15
1_80per	27	4	1	4	4	1456	16
1_80per	27	4	0	9	10	13151	17
1_80per	27	4	1	12	12	1268	18
1_80per	28	1	1	3	3	3879	1
1_80per	28	1	0	16	6	2203	2
1_80per	28	1	0	14	10	3410	3
1_80per	28	1	1	1	1	3341	4
1_80per	28	1	0	7	2	2429	5
1_80per	28	1	0	6	5	2344	6
1_80per	28	1	0	8	14	1850	7
1_80per	28	1	0	10	13	4218	8
1_80per	28	1	0	11	9	1688	9
1_80per	28	1	0	15	18	2365	10
1_80per	28	1	1	12	12	1403	11
1_80per	28	1	0	2	7	2112	12
1_80per	28	1	0	13	8	1394	13
1_80per	28	1	0	17	15	3608	14
1_80per	28	1	0	18	11	2118	15
1_80per	28	1	0	6	4	4055	16
1_80per	28	1	0	14	17	3638	17
1_80per	28	1	0	1	16	5146	18
1_80per	29	4	1	13	13	2591	1
1_80per	29	4	0	7	5	4164	2
1_80per	29	4	0	3	4	3907	3
1_80per	29	4	0	10	9	4518	4
1_80per	29	4	0	14	10	2204	5
1_80per	29	4	0	6	16	6749	6
1_80per	29	4	0	8	3	5682	7
1_80per	29	4	0	10	12	5079	8
1_80per	29	4	0	15	7	6722	9
1_80per	29	4	0	11	14	2538	10
1_80per	29	4	0	1	17	1235	11
1_80per	29	4	0	17	6	3407	12
1_80per	29	4	0	4	15	5082	13
1_80per	29	4	1	1	1	3150	14
1_80per	29	4	0	15	18	5899	15
1_80per	29	4	0	5	8	6603	16
1_80per	29	4	0	17	2	2745	17
1_80per	29	4	0	3	11	8003	18
1_80per	30	4	0	14	9	1851	1
1_80per	30	4	0	7	4	2292	2
1_80per	30	4	0	2	1	9029	3
1_80per	30	4	0	10	15	2203	4
1_80per	30	4	1	12	12	1578	5
1_80per	30	4	0	13	2	2327	6
1_80per	30	4	0	16	8	1596	7
1_80per	30	4	0	15	14	2002	8
1_80per	30	4	0	3	11	2656	9
1_80per	30	4	0	7	17	1756	10
1_80per	30	4	0	4	5	1154	11
1_80per	30	4	0	1	18	6152	12
1_80per	30	4	0	7	10	4004	13
1_80per	30	4	0	13	16	2218	14
1_80per	30	4	0	9	13	3298	15
1_80per	30	4	0	11	6	3522	16
1_80per	30	4	0	15	3	2531	17
1_80per	30	4	0	17	7	720	18
1_80per	31	4	1	2	2	6828	1
1_80per	31	4	0	7	17	7171	2
1_80per	31	4	1	11	11	2464	3
1_80per	31	4	0	6	14	6872	4
1_80per	31	4	1	7	7	2159	5
1_80per	31	4	0	13	1	4832	6
1_80per	31	4	0	8	15	2404	7
1_80per	31	4	0	15	6	6289	8
1_80per	31	4	0	14	10	2280	9
1_80per	31	4	0	9	18	4479	10
1_80per	31	4	0	9	13	2900	11
1_80per	31	4	0	18	16	2530	12
1_80per	31	4	1	8	8	4024	13
1_80per	31	4	0	4	5	4298	14
1_80per	31	4	0	10	9	2454	15
1_80per	31	4	0	17	3	3149	16
1_80per	31	4	1	12	12	2736	17
1_80per	31	4	0	5	4	5865	18
2_12-100per_6-50per	6	2	1	8	8	3322	1
2_12-100per_6-50per	6	2	1	13	13	1625	2
2_12-100per_6-50per	6	2	0	16	17	6448	3
2_12-100per_6-50per	6	2	0	14	16	5927	4
2_12-100per_6-50per	6	2	1	6	6	3580	5
2_12-100per_6-50per	6	2	0	10	14	2773	6
2_12-100per_6-50per	6	2	1	5	5	1687	7
2_12-100per_6-50per	6	2	0	15	10	4581	8
2_12-100per_6-50per	6	2	0	18	4	2996	9
2_12-100per_6-50per	6	2	0	10	15	6506	10
2_12-100per_6-50per	6	2	0	11	2	4412	11
2_12-100per_6-50per	6	2	0	17	9	2488	12
2_12-100per_6-50per	6	2	0	18	11	3833	13
2_12-100per_6-50per	6	2	0	4	18	3590	14
2_12-100per_6-50per	6	2	1	3	3	3319	15
2_12-100per_6-50per	6	2	1	1	1	2335	16
2_12-100per_6-50per	6	2	0	14	12	4996	17
2_12-100per_6-50per	6	2	1	7	7	1519	18
2_12-100per_6-50per	7	2	0	14	17	6160	1
2_12-100per_6-50per	7	2	0	5	15	2939	2
2_12-100per_6-50per	7	2	0	17	13	3923	3
2_12-100per_6-50per	7	2	0	16	2	7021	4
2_12-100per_6-50per	7	2	0	12	7	6707	5
2_12-100per_6-50per	7	2	0	2	11	3310	6
2_12-100per_6-50per	7	2	0	11	9	4778	7
2_12-100per_6-50per	7	2	0	4	6	5401	8
2_12-100per_6-50per	7	2	1	5	5	3192	9
2_12-100per_6-50per	7	2	0	8	16	3626	10
2_12-100per_6-50per	7	2	0	18	14	3944	11
2_12-100per_6-50per	7	2	1	1	1	4542	12
2_12-100per_6-50per	7	2	0	7	8	2170	13
2_12-100per_6-50per	7	2	1	12	12	1660	14
2_12-100per_6-50per	7	2	0	13	4	2919	15
2_12-100per_6-50per	7	2	1	3	3	2648	16
2_12-100per_6-50per	7	2	0	10	18	2679	17
2_12-100per_6-50per	7	2	0	13	10	4092	18
2_12-100per_6-50per	8	2	0	5	6	1950	1
2_12-100per_6-50per	8	2	0	14	12	1179	2
2_12-100per_6-50per	8	2	0	10	16	1402	3
2_12-100per_6-50per	8	2	0	2	11	1649	4
2_12-100per_6-50per	8	2	0	14	10	1319	5
2_12-100per_6-50per	8	2	0	12	5	997	6
2_12-100per_6-50per	8	2	0	15	13	1063	7
2_12-100per_6-50per	8	2	0	1	15	6468	8
2_12-100per_6-50per	8	2	0	13	9	1219	9
2_12-100per_6-50per	8	2	0	9	8	781	10
2_12-100per_6-50per	8	2	0	11	4	1065	11
2_12-100per_6-50per	8	2	0	14	1	1400	12
2_12-100per_6-50per	8	2	0	10	14	739	13
2_12-100per_6-50per	8	2	1	18	18	1671	14
2_12-100per_6-50per	8	2	0	16	7	907	15
2_12-100per_6-50per	8	2	0	10	2	1002	16
2_12-100per_6-50per	8	2	0	11	17	520	17
2_12-100per_6-50per	8	2	1	3	3	1979	18
2_12-100per_6-50per	9	2	0	18	11	9473	1
2_12-100per_6-50per	9	2	0	1	5	6787	2
2_12-100per_6-50per	9	2	0	1	14	3890	3
2_12-100per_6-50per	9	2	1	3	3	1847	4
2_12-100per_6-50per	9	2	0	14	6	4049	5
2_12-100per_6-50per	9	2	1	12	12	1660	6
2_12-100per_6-50per	9	2	0	15	10	6042	7
2_12-100per_6-50per	9	2	0	10	2	6241	8
2_12-100per_6-50per	9	2	1	4	4	2300	9
2_12-100per_6-50per	9	2	0	2	8	6928	10
2_12-100per_6-50per	9	2	1	7	7	5894	11
2_12-100per_6-50per	9	2	0	6	17	3125	12
2_12-100per_6-50per	9	2	1	9	9	2062	13
2_12-100per_6-50per	9	2	0	17	15	14845	14
2_12-100per_6-50per	9	2	0	8	13	3980	15
2_12-100per_6-50per	9	2	0	16	1	6730	16
2_12-100per_6-50per	9	2	0	10	18	10128	17
2_12-100per_6-50per	9	2	0	8	16	7633	18
2_12-100per_6-50per	10	2	0	5	8	10199	1
2_12-100per_6-50per	10	2	0	18	3	10081	2
2_12-100per_6-50per	10	2	0	1	17	4784	3
2_12-100per_6-50per	10	2	0	6	9	3235	4
2_12-100per_6-50per	10	2	0	10	13	4869	5
2_12-100per_6-50per	10	2	0	9	5	7038	6
2_12-100per_6-50per	10	2	0	12	1	4328	7
2_12-100per_6-50per	10	2	0	14	16	3499	8
2_12-100per_6-50per	10	2	0	6	11	4429	9
2_12-100per_6-50per	10	2	1	4	4	4579	10
2_12-100per_6-50per	10	2	0	8	10	4304	11
2_12-100per_6-50per	10	2	0	2	14	4853	12
2_12-100per_6-50per	10	2	0	1	18	4789	13
2_12-100per_6-50per	10	2	0	3	12	4295	14
2_12-100per_6-50per	10	2	0	17	2	1880	15
2_12-100per_6-50per	10	2	1	7	7	1467	16
2_12-100per_6-50per	10	2	0	12	15	7604	17
2_12-100per_6-50per	10	2	0	16	6	3760	18
2_12-100per_6-50per	11	2	0	5	13	2266	1
2_12-100per_6-50per	11	2	0	4	10	1859	2
2_12-100per_6-50per	11	2	0	17	7	2255	3
2_12-100per_6-50per	11	2	0	3	6	5378	4
2_12-100per_6-50per	11	2	1	1	1	1858	5
2_12-100per_6-50per	11	2	0	18	4	4435	6
2_12-100per_6-50per	11	2	0	8	17	3207	7
2_12-100per_6-50per	11	2	0	14	16	2352	8
2_12-100per_6-50per	11	2	1	9	9	3238	9
2_12-100per_6-50per	11	2	0	13	11	3563	10
2_12-100per_6-50per	11	2	0	6	5	1697	11
2_12-100per_6-50per	11	2	0	11	14	1900	12
2_12-100per_6-50per	11	2	0	15	8	3691	13
2_12-100per_6-50per	11	2	0	15	2	4108	14
2_12-100per_6-50per	11	2	0	2	12	1650	15
2_12-100per_6-50per	11	2	0	12	15	1584	16
2_12-100per_6-50per	11	2	0	15	18	2245	17
2_12-100per_6-50per	11	2	0	14	3	2103	18
2_12-100per_6-50per	12	2	1	8	8	2406	1
2_12-100per_6-50per	12	2	1	9	9	3025	2
2_12-100per_6-50per	12	2	0	13	11	1751	3
2_12-100per_6-50per	12	2	0	16	3	4327	4
2_12-100per_6-50per	12	2	0	3	6	1408	5
2_12-100per_6-50per	12	2	0	6	5	2742	6
2_12-100per_6-50per	12	2	0	1	10	2767	7
2_12-100per_6-50per	12	2	0	5	12	3040	8
2_12-100per_6-50per	12	2	0	10	14	1459	9
2_12-100per_6-50per	12	2	0	18	17	3280	10
2_12-100per_6-50per	12	2	0	2	13	2538	11
2_12-100per_6-50per	12	2	1	7	7	9012	12
2_12-100per_6-50per	12	2	0	4	2	2214	13
2_12-100per_6-50per	12	2	0	17	15	1816	14
2_12-100per_6-50per	12	2	0	2	4	4620	15
2_12-100per_6-50per	12	2	0	11	16	1674	16
2_12-100per_6-50per	12	2	0	14	1	6290	17
2_12-100per_6-50per	12	2	0	11	18	3826	18
2_12-100per_6-50per	13	2	0	5	3	2476	1
2_12-100per_6-50per	13	2	1	15	15	1749	2
2_12-100per_6-50per	13	2	0	8	9	3412	3
2_12-100per_6-50per	13	2	0	9	6	2172	4
2_12-100per_6-50per	13	2	0	2	18	2091	5
2_12-100per_6-50per	13	2	0	6	14	3699	6
2_12-100per_6-50per	13	2	0	10	17	2379	7
2_12-100per_6-50per	13	2	0	14	10	1209	8
2_12-100per_6-50per	13	2	1	7	7	5820	9
2_12-100per_6-50per	13	2	0	18	11	2635	10
2_12-100per_6-50per	13	2	0	4	12	3679	11
2_12-100per_6-50per	13	2	0	6	8	2915	12
2_12-100per_6-50per	13	2	0	3	5	2955	13
2_12-100per_6-50per	13	2	0	12	13	1521	14
2_12-100per_6-50per	13	2	0	13	4	2930	15
2_12-100per_6-50per	13	2	0	17	16	5230	16
2_12-100per_6-50per	13	2	1	1	1	2419	17
2_12-100per_6-50per	13	2	0	10	2	4608	18
2_12-100per_6-50per	14	3	0	1	5	3098	1
2_12-100per_6-50per	14	3	0	3	15	2842	2
2_12-100per_6-50per	14	3	0	12	2	1912	3
2_12-100per_6-50per	14	3	0	15	7	1969	4
2_12-100per_6-50per	14	3	0	11	18	2529	5
2_12-100per_6-50per	14	3	0	5	1	3208	6
2_12-100per_6-50per	14	3	1	8	8	3146	7
2_12-100per_6-50per	14	3	0	17	9	3676	8
2_12-100per_6-50per	14	3	0	7	12	2820	9
2_12-100per_6-50per	14	3	0	17	13	2202	10
2_12-100per_6-50per	14	3	0	18	4	2674	11
2_12-100per_6-50per	14	3	0	5	6	3407	12
2_12-100per_6-50per	14	3	0	9	11	2260	13
2_12-100per_6-50per	14	3	0	6	10	3375	14
2_12-100per_6-50per	14	3	0	3	14	4509	15
2_12-100per_6-50per	14	3	0	12	16	1880	16
2_12-100per_6-50per	14	3	0	2	17	3319	17
2_12-100per_6-50per	14	3	0	8	3	3846	18
2_12-100per_6-50per	15	3	0	5	12	1459	1
2_12-100per_6-50per	15	3	0	8	15	628	2
2_12-100per_6-50per	15	3	0	4	8	799	3
2_12-100per_6-50per	15	3	0	2	4	832	4
2_12-100per_6-50per	15	3	0	15	17	743	5
2_12-100per_6-50per	15	3	0	18	2	550	6
2_12-100per_6-50per	15	3	0	8	14	885	7
2_12-100per_6-50per	15	3	0	14	5	661	8
2_12-100per_6-50per	15	3	0	11	13	652	9
2_12-100per_6-50per	15	3	0	13	3	786	10
2_12-100per_6-50per	15	3	0	1	6	1236	11
2_12-100per_6-50per	15	3	0	4	10	1968	12
2_12-100per_6-50per	15	3	0	18	11	1337	13
2_12-100per_6-50per	15	3	0	5	16	1242	14
2_12-100per_6-50per	15	3	0	9	1	2547	15
2_12-100per_6-50per	15	3	0	3	18	977	16
2_12-100per_6-50per	15	3	0	17	7	2302	17
2_12-100per_6-50per	15	3	0	2	9	1354	18
2_12-100per_6-50per	16	3	0	18	14	1140	1
2_12-100per_6-50per	16	3	0	2	11	1491	2
2_12-100per_6-50per	16	3	0	12	13	1813	3
2_12-100per_6-50per	16	3	0	4	18	1020	4
2_12-100per_6-50per	16	3	0	15	4	977	5
2_12-100per_6-50per	16	3	0	11	15	3053	6
2_12-100per_6-50per	16	3	0	14	7	1468	7
2_12-100per_6-50per	16	3	0	17	1	1044	8
2_12-100per_6-50per	16	3	0	9	8	2203	9
2_12-100per_6-50per	16	3	0	6	10	1041	10
2_12-100per_6-50per	16	3	0	12	3	1335	11
2_12-100per_6-50per	16	3	0	5	17	2302	12
2_12-100per_6-50per	16	3	0	3	16	2772	13
2_12-100per_6-50per	16	3	0	2	6	5651	14
2_12-100per_6-50per	16	3	0	7	9	7656	15
2_12-100per_6-50per	16	3	0	17	2	2124	16
2_12-100per_6-50per	16	3	0	16	5	939	17
2_12-100per_6-50per	16	3	0	14	12	908	18
2_12-100per_6-50per	17	3	0	8	7	664	1
2_12-100per_6-50per	17	3	0	9	18	2441	2
2_12-100per_6-50per	17	3	0	15	10	1105	3
2_12-100per_6-50per	17	3	0	3	9	3646	4
2_12-100per_6-50per	17	3	0	18	5	2221	5
2_12-100per_6-50per	17	3	0	13	15	4349	6
2_12-100per_6-50per	17	3	0	9	12	1713	7
2_12-100per_6-50per	17	3	0	5	1	1283	8
2_12-100per_6-50per	17	3	0	12	2	2006	9
2_12-100per_6-50per	17	3	0	16	11	1217	10
2_12-100per_6-50per	17	3	0	4	8	2435	11
2_12-100per_6-50per	17	3	0	7	4	1408	12
2_12-100per_6-50per	17	3	0	10	14	2194	13
2_12-100per_6-50per	17	3	0	1	3	2107	14
2_12-100per_6-50per	17	3	0	15	16	910	15
2_12-100per_6-50per	17	3	0	17	6	615	16
2_12-100per_6-50per	17	3	0	2	17	1751	17
2_12-100per_6-50per	17	3	0	14	13	1500	18
2_12-100per_6-50per	18	3	0	12	11	7976	1
2_12-100per_6-50per	18	3	0	4	13	3431	2
2_12-100per_6-50per	18	3	0	3	8	6570	3
2_12-100per_6-50per	18	3	0	9	16	4648	4
2_12-100per_6-50per	18	3	0	11	4	3314	5
2_12-100per_6-50per	18	3	0	13	10	3177	6
2_12-100per_6-50per	18	3	0	8	2	5286	7
2_12-100per_6-50per	18	3	0	2	18	2548	8
2_12-100per_6-50per	18	3	0	10	3	3136	9
2_12-100per_6-50per	18	3	0	6	7	4786	10
2_12-100per_6-50per	18	3	0	5	9	2589	11
2_12-100per_6-50per	18	3	1	1	1	4254	12
2_12-100per_6-50per	18	3	0	7	17	2600	13
2_12-100per_6-50per	18	3	0	18	12	10400	14
2_12-100per_6-50per	18	3	0	14	6	4461	15
2_12-100per_6-50per	18	3	0	16	14	2721	16
2_12-100per_6-50per	18	3	1	15	15	1472	17
2_12-100per_6-50per	18	3	0	17	5	1883	18
2_12-100per_6-50per	19	3	1	7	7	2356	1
2_12-100per_6-50per	19	3	1	5	5	2048	2
2_12-100per_6-50per	19	3	0	13	16	2024	3
2_12-100per_6-50per	19	3	1	6	6	1735	4
2_12-100per_6-50per	19	3	1	15	15	2446	5
2_12-100per_6-50per	19	3	1	2	2	1648	6
2_12-100per_6-50per	19	3	1	10	10	4223	7
2_12-100per_6-50per	19	3	0	14	13	7629	8
2_12-100per_6-50per	19	3	1	9	9	1560	9
2_12-100per_6-50per	19	3	1	18	18	8474	10
2_12-100per_6-50per	19	3	1	17	17	4874	11
2_12-100per_6-50per	19	3	1	12	12	1682	12
2_12-100per_6-50per	19	3	1	1	1	1938	13
2_12-100per_6-50per	19	3	1	3	3	1501	14
2_12-100per_6-50per	19	3	1	11	11	1689	15
2_12-100per_6-50per	19	3	1	8	8	2307	16
2_12-100per_6-50per	19	3	1	14	14	7696	17
2_12-100per_6-50per	19	3	1	4	4	7528	18
2_12-100per_6-50per	20	3	0	3	11	1077	1
2_12-100per_6-50per	20	3	0	11	2	1633	2
2_12-100per_6-50per	20	3	0	10	12	1986	3
2_12-100per_6-50per	20	3	0	5	3	1398	4
2_12-100per_6-50per	20	3	0	12	1	1637	5
2_12-100per_6-50per	20	3	0	12	7	1160	6
2_12-100per_6-50per	20	3	0	7	9	1802	7
2_12-100per_6-50per	20	3	0	9	17	1847	8
2_12-100per_6-50per	20	3	0	7	6	1711	9
2_12-100per_6-50per	20	3	0	12	5	1684	10
2_12-100per_6-50per	20	3	0	4	14	1689	11
2_12-100per_6-50per	20	3	0	14	16	1232	12
2_12-100per_6-50per	20	3	0	14	10	2196	13
2_12-100per_6-50per	20	3	1	8	8	1234	14
2_12-100per_6-50per	20	3	0	12	13	1373	15
2_12-100per_6-50per	20	3	0	2	15	1030	16
2_12-100per_6-50per	20	3	1	18	18	1270	17
2_12-100per_6-50per	20	3	0	5	4	1119	18
2_12-100per_6-50per	21	2	1	9	9	2616	1
2_12-100per_6-50per	21	2	0	18	13	2243	2
2_12-100per_6-50per	21	2	0	2	11	5593	3
2_12-100per_6-50per	21	2	0	14	6	2267	4
2_12-100per_6-50per	21	2	0	8	14	5787	5
2_12-100per_6-50per	21	2	1	8	8	5356	6
2_12-100per_6-50per	21	2	1	1	1	3878	7
2_12-100per_6-50per	21	2	0	15	10	11231	8
2_12-100per_6-50per	21	2	1	4	4	2369	9
2_12-100per_6-50per	21	2	1	5	5	1762	10
2_12-100per_6-50per	21	2	0	16	17	6356	11
2_12-100per_6-50per	21	2	1	3	3	4346	12
2_12-100per_6-50per	21	2	0	10	2	2716	13
2_12-100per_6-50per	21	2	0	6	15	3675	14
2_12-100per_6-50per	21	2	0	13	7	2171	15
2_12-100per_6-50per	21	2	1	12	12	2509	16
2_12-100per_6-50per	21	2	0	11	16	4825	17
2_12-100per_6-50per	21	2	0	17	18	4488	18
2_12-100per_6-50per	22	2	0	2	17	1332	1
2_12-100per_6-50per	22	2	0	3	5	1118	2
2_12-100per_6-50per	22	2	0	7	6	1527	3
2_12-100per_6-50per	22	2	0	15	18	1485	4
2_12-100per_6-50per	22	2	0	4	16	1887	5
2_12-100per_6-50per	22	2	0	5	7	2539	6
2_12-100per_6-50per	22	2	0	14	8	1398	7
2_12-100per_6-50per	22	2	0	17	11	1053	8
2_12-100per_6-50per	22	2	0	9	2	2181	9
2_12-100per_6-50per	22	2	0	5	14	1723	10
2_12-100per_6-50per	22	2	0	1	13	1186	11
2_12-100per_6-50per	22	2	0	6	4	2394	12
2_12-100per_6-50per	22	2	0	3	12	2099	13
2_12-100per_6-50per	22	2	0	12	10	940	14
2_12-100per_6-50per	22	2	0	10	1	1754	15
2_12-100per_6-50per	22	2	0	11	15	2408	16
2_12-100per_6-50per	22	2	0	10	9	1754	17
2_12-100per_6-50per	22	2	0	18	3	1400	18
2_12-100per_6-50per	24	2	0	13	6	8080	1
2_12-100per_6-50per	24	2	1	9	9	3796	2
2_12-100per_6-50per	24	2	0	6	13	15402	3
2_12-100per_6-50per	24	2	1	16	16	4664	4
2_12-100per_6-50per	24	2	1	4	4	12036	5
2_12-100per_6-50per	24	2	1	17	17	5983	6
2_12-100per_6-50per	24	2	0	10	2	13593	7
2_12-100per_6-50per	24	2	0	14	18	6706	8
2_12-100per_6-50per	24	2	1	15	15	3901	9
2_12-100per_6-50per	24	2	1	7	7	1962	10
2_12-100per_6-50per	24	2	0	3	10	19419	11
2_12-100per_6-50per	24	2	0	16	1	5690	12
2_12-100per_6-50per	24	2	0	18	3	4914	13
2_12-100per_6-50per	24	2	1	8	8	2970	14
2_12-100per_6-50per	24	2	0	1	5	2305	15
2_12-100per_6-50per	24	2	0	4	11	3662	16
2_12-100per_6-50per	24	2	0	2	12	20440	17
2_12-100per_6-50per	24	2	0	17	14	4348	18
2_12-100per_6-50per	25	3	0	2	17	1338	1
2_12-100per_6-50per	25	3	0	17	4	1058	2
2_12-100per_6-50per	25	3	0	3	6	1056	3
2_12-100per_6-50per	25	3	0	10	1	871	4
2_12-100per_6-50per	25	3	0	11	15	1844	5
2_12-100per_6-50per	25	3	0	8	12	2916	6
2_12-100per_6-50per	25	3	0	13	8	3147	7
2_12-100per_6-50per	25	3	0	10	13	3353	8
2_12-100per_6-50per	25	3	0	7	3	3574	9
2_12-100per_6-50per	25	3	0	18	11	2500	10
2_12-100per_6-50per	25	3	0	12	18	3603	11
2_12-100per_6-50per	25	3	0	17	5	1998	12
2_12-100per_6-50per	25	3	0	14	9	2263	13
2_12-100per_6-50per	25	3	0	5	10	1906	14
2_12-100per_6-50per	25	3	0	6	16	5519	15
2_12-100per_6-50per	25	3	0	4	14	4166	16
2_12-100per_6-50per	25	3	0	15	7	4457	17
2_12-100per_6-50per	25	3	0	1	2	6907	18
2_12-100per_6-50per	26	2	0	2	1	1763	1
2_12-100per_6-50per	26	2	0	4	10	2308	2
2_12-100per_6-50per	26	2	0	15	9	2306	3
2_12-100per_6-50per	26	2	0	1	7	1614	4
2_12-100per_6-50per	26	2	0	3	8	1786	5
2_12-100per_6-50per	26	2	0	17	16	2355	6
2_12-100per_6-50per	26	2	0	2	18	2497	7
2_12-100per_6-50per	26	2	0	5	13	1594	8
2_12-100per_6-50per	26	2	0	18	11	1512	9
2_12-100per_6-50per	26	2	0	13	6	1485	10
2_12-100per_6-50per	26	2	0	14	2	1360	11
2_12-100per_6-50per	26	2	0	11	5	1684	12
2_12-100per_6-50per	26	2	0	12	14	1992	13
2_12-100per_6-50per	26	2	0	9	3	2226	14
2_12-100per_6-50per	26	2	0	16	17	2231	15
2_12-100per_6-50per	26	2	1	12	12	2581	16
2_12-100per_6-50per	26	2	0	1	15	5662	17
2_12-100per_6-50per	26	2	0	6	4	2062	18
2_12-100per_6-50per	27	3	0	10	16	4500	1
2_12-100per_6-50per	27	3	0	16	1	5375	2
2_12-100per_6-50per	27	3	1	7	7	2988	3
2_12-100per_6-50per	27	3	1	6	6	2878	4
2_12-100per_6-50per	27	3	1	18	18	2035	5
2_12-100per_6-50per	27	3	1	11	11	1503	6
2_12-100per_6-50per	27	3	1	5	5	2324	7
2_12-100per_6-50per	27	3	1	9	9	1561	8
2_12-100per_6-50per	27	3	0	17	8	6195	9
2_12-100per_6-50per	27	3	1	4	4	3207	10
2_12-100per_6-50per	27	3	1	15	15	1687	11
2_12-100per_6-50per	27	3	1	3	3	1575	12
2_12-100per_6-50per	27	3	1	14	14	1702	13
2_12-100per_6-50per	27	3	0	8	17	7834	14
2_12-100per_6-50per	27	3	1	2	2	8996	15
2_12-100per_6-50per	27	3	0	17	13	11648	16
2_12-100per_6-50per	27	3	0	13	12	10244	17
2_12-100per_6-50per	27	3	1	10	10	1511	18
2_12-100per_6-50per	28	2	0	17	18	4553	1
2_12-100per_6-50per	28	2	0	8	6	3935	2
2_12-100per_6-50per	28	2	0	1	10	2204	3
2_12-100per_6-50per	28	2	0	2	7	6595	4
2_12-100per_6-50per	28	2	0	7	17	2731	5
2_12-100per_6-50per	28	2	0	12	4	3471	6
2_12-100per_6-50per	28	2	0	13	12	1717	7
2_12-100per_6-50per	28	2	0	6	14	6887	8
2_12-100per_6-50per	28	2	1	16	16	4428	9
2_12-100per_6-50per	28	2	0	4	3	1856	10
2_12-100per_6-50per	28	2	0	8	9	6100	11
2_12-100per_6-50per	28	2	0	3	8	8257	12
2_12-100per_6-50per	28	2	0	7	13	3110	13
2_12-100per_6-50per	28	2	0	14	2	4362	14
2_12-100per_6-50per	28	2	1	15	15	7675	15
2_12-100per_6-50per	28	2	0	2	1	2548	16
2_12-100per_6-50per	28	2	1	5	5	1809	17
2_12-100per_6-50per	28	2	1	11	11	1513	18
2_12-100per_6-50per	29	3	1	11	11	3105	1
2_12-100per_6-50per	29	3	1	13	13	3086	2
2_12-100per_6-50per	29	3	0	14	16	7449	3
2_12-100per_6-50per	29	3	1	15	15	1449	4
2_12-100per_6-50per	29	3	0	17	14	6561	5
2_12-100per_6-50per	29	3	1	9	9	3000	6
2_12-100per_6-50per	29	3	0	7	8	6430	7
2_12-100per_6-50per	29	3	0	12	5	1519	8
2_12-100per_6-50per	29	3	1	12	12	2432	9
2_12-100per_6-50per	29	3	0	14	18	8962	10
2_12-100per_6-50per	29	3	1	6	6	3124	11
2_12-100per_6-50per	29	3	1	10	10	6513	12
2_12-100per_6-50per	29	3	0	8	2	5202	13
2_12-100per_6-50per	29	3	1	4	4	1593	14
2_12-100per_6-50per	29	3	0	16	1	2379	15
2_12-100per_6-50per	29	3	0	11	17	7344	16
2_12-100per_6-50per	29	3	1	3	3	1921	17
2_12-100per_6-50per	29	3	1	7	7	2802	18
2_12-100per_6-50per	30	3	0	5	8	3001	1
2_12-100per_6-50per	30	3	0	14	9	2542	2
2_12-100per_6-50per	30	3	0	16	6	1417	3
2_12-100per_6-50per	30	3	0	16	11	3108	4
2_12-100per_6-50per	30	3	1	16	16	2967	5
2_12-100per_6-50per	30	3	0	18	2	4168	6
2_12-100per_6-50per	30	3	1	3	3	2234	7
2_12-100per_6-50per	30	3	0	8	1	1254	8
2_12-100per_6-50per	30	3	0	14	13	1530	9
2_12-100per_6-50per	30	3	0	1	14	1791	10
2_12-100per_6-50per	30	3	0	17	5	1273	11
2_12-100per_6-50per	30	3	1	17	17	909	12
2_12-100per_6-50per	30	3	0	14	10	2981	13
2_12-100per_6-50per	30	3	0	13	4	1526	14
2_12-100per_6-50per	30	3	0	10	12	1186	15
2_12-100per_6-50per	30	3	0	14	18	2365	16
2_12-100per_6-50per	30	3	0	12	7	2008	17
2_12-100per_6-50per	30	3	0	9	15	3305	18
2_12-100per_6-50per	31	3	1	7	7	2875	1
2_12-100per_6-50per	31	3	1	6	6	7819	2
2_12-100per_6-50per	31	3	0	1	14	8104	3
2_12-100per_6-50per	31	3	0	18	4	3583	4
2_12-100per_6-50per	31	3	0	10	2	5520	5
2_12-100per_6-50per	31	3	1	15	15	3696	6
2_12-100per_6-50per	31	3	1	9	9	2914	7
2_12-100per_6-50per	31	3	1	8	8	4097	8
2_12-100per_6-50per	31	3	1	5	5	2664	9
2_12-100per_6-50per	31	3	1	3	3	2225	10
2_12-100per_6-50per	31	3	0	13	16	3375	11
2_12-100per_6-50per	31	3	0	14	17	4293	12
2_12-100per_6-50per	31	3	0	17	13	5648	13
2_12-100per_6-50per	31	3	0	16	1	3271	14
2_12-100per_6-50per	31	3	0	17	18	2933	15
2_12-100per_6-50per	31	3	0	14	10	14169	16
2_12-100per_6-50per	31	3	1	12	12	6332	17
2_12-100per_6-50per	31	3	0	2	11	4143	18
3_6-100per_12-66per	6	3	1	16	16	5628	1
3_6-100per_12-66per	6	3	1	12	12	1395	2
3_6-100per_12-66per	6	3	1	6	6	7474	3
3_6-100per_12-66per	6	3	0	3	9	9098	4
3_6-100per_12-66per	6	3	0	1	10	1184	5
3_6-100per_12-66per	6	3	1	7	7	1372	6
3_6-100per_12-66per	6	3	0	5	15	2405	7
3_6-100per_12-66per	6	3	0	14	4	3265	8
3_6-100per_12-66per	6	3	0	9	11	9770	9
3_6-100per_12-66per	6	3	0	10	3	3091	10
3_6-100per_12-66per	6	3	1	2	2	2121	11
3_6-100per_12-66per	6	3	0	8	14	3668	12
3_6-100per_12-66per	6	3	0	15	18	2435	13
3_6-100per_12-66per	6	3	1	13	13	1559	14
3_6-100per_12-66per	6	3	0	6	5	2939	15
3_6-100per_12-66per	6	3	0	4	8	2218	16
3_6-100per_12-66per	6	3	1	17	17	1969	17
3_6-100per_12-66per	6	3	1	1	1	2634	18
3_6-100per_12-66per	7	3	1	5	5	2033	1
3_6-100per_12-66per	7	3	0	1	7	4239	2
3_6-100per_12-66per	7	3	1	12	12	1800	3
3_6-100per_12-66per	7	3	1	17	17	1395	4
3_6-100per_12-66per	7	3	0	3	16	5190	5
3_6-100per_12-66per	7	3	1	18	18	5481	6
3_6-100per_12-66per	7	3	1	11	11	1851	7
3_6-100per_12-66per	7	3	0	16	10	3180	8
3_6-100per_12-66per	7	3	0	10	2	2251	9
3_6-100per_12-66per	7	3	0	9	4	5152	10
3_6-100per_12-66per	7	3	0	8	6	5294	11
3_6-100per_12-66per	7	3	1	13	13	3175	12
3_6-100per_12-66per	7	3	0	6	8	6052	13
3_6-100per_12-66per	7	3	0	18	9	4006	14
3_6-100per_12-66per	7	3	0	1	14	6006	15
3_6-100per_12-66per	7	3	1	3	3	3376	16
3_6-100per_12-66per	7	3	0	4	1	2013	17
3_6-100per_12-66per	7	3	1	15	15	1431	18
3_6-100per_12-66per	8	3	0	3	1	1945	1
3_6-100per_12-66per	8	3	1	11	11	1348	2
3_6-100per_12-66per	8	3	0	9	10	1729	3
3_6-100per_12-66per	8	3	0	11	12	1360	4
3_6-100per_12-66per	8	3	0	18	15	1454	5
3_6-100per_12-66per	8	3	0	14	9	1275	6
3_6-100per_12-66per	8	3	0	10	6	1123	7
3_6-100per_12-66per	8	3	0	7	8	2195	8
3_6-100per_12-66per	8	3	0	16	18	1858	9
3_6-100per_12-66per	8	3	0	17	16	1767	10
3_6-100per_12-66per	8	3	0	16	5	1248	11
3_6-100per_12-66per	8	3	0	15	7	1350	12
3_6-100per_12-66per	8	3	0	17	14	1796	13
3_6-100per_12-66per	8	3	1	2	2	2547	14
3_6-100per_12-66per	8	3	1	13	13	1564	15
3_6-100per_12-66per	8	3	0	5	3	2251	16
3_6-100per_12-66per	8	3	0	15	17	1054	17
3_6-100per_12-66per	8	3	0	10	4	1096	18
3_6-100per_12-66per	9	3	1	7	7	1513	1
3_6-100per_12-66per	9	3	0	1	8	6684	2
3_6-100per_12-66per	9	3	0	15	16	15184	3
3_6-100per_12-66per	9	3	0	10	17	4297	4
3_6-100per_12-66per	9	3	0	3	2	9385	5
3_6-100per_12-66per	9	3	0	18	11	4443	6
3_6-100per_12-66per	9	3	0	16	4	3083	7
3_6-100per_12-66per	9	3	0	12	5	1862	8
3_6-100per_12-66per	9	3	1	13	13	1810	9
3_6-100per_12-66per	9	3	0	11	10	5548	10
3_6-100per_12-66per	9	3	0	6	18	3441	11
3_6-100per_12-66per	9	3	0	9	15	8050	12
3_6-100per_12-66per	9	3	0	2	1	7864	13
3_6-100per_12-66per	9	3	0	17	3	1796	14
3_6-100per_12-66per	9	3	0	9	6	7013	15
3_6-100per_12-66per	9	3	0	1	9	11348	16
3_6-100per_12-66per	9	3	0	5	12	2954	17
3_6-100per_12-66per	9	3	0	8	14	4783	18
3_6-100per_12-66per	10	3	1	15	15	1325	1
3_6-100per_12-66per	10	3	0	11	16	5210	2
3_6-100per_12-66per	10	3	0	4	14	2926	3
3_6-100per_12-66per	10	3	1	17	17	1507	4
3_6-100per_12-66per	10	3	0	18	6	8958	5
3_6-100per_12-66per	10	3	1	8	8	3227	6
3_6-100per_12-66per	10	3	0	1	12	5034	7
3_6-100per_12-66per	10	3	1	2	2	5509	8
3_6-100per_12-66per	10	3	0	6	5	3818	9
3_6-100per_12-66per	10	3	0	12	11	3976	10
3_6-100per_12-66per	10	3	0	5	18	5359	11
3_6-100per_12-66per	10	3	1	9	9	2482	12
3_6-100per_12-66per	10	3	0	3	4	4687	13
3_6-100per_12-66per	10	3	0	10	1	1692	14
3_6-100per_12-66per	10	3	1	13	13	1996	15
3_6-100per_12-66per	10	3	0	14	10	3354	16
3_6-100per_12-66per	10	3	0	6	3	7591	17
3_6-100per_12-66per	10	3	0	1	7	18033	18
3_6-100per_12-66per	11	3	0	7	14	1668	1
3_6-100per_12-66per	11	3	0	9	18	1863	2
3_6-100per_12-66per	11	3	1	8	8	2260	3
3_6-100per_12-66per	11	3	0	4	5	2730	4
3_6-100per_12-66per	11	3	0	6	11	5605	5
3_6-100per_12-66per	11	3	0	15	7	1948	6
3_6-100per_12-66per	11	3	0	12	1	6567	7
3_6-100per_12-66per	11	3	0	14	9	1358	8
3_6-100per_12-66per	11	3	0	3	6	2388	9
3_6-100per_12-66per	11	3	0	2	17	1873	10
3_6-100per_12-66per	11	3	0	5	13	2569	11
3_6-100per_12-66per	11	3	0	16	15	1933	12
3_6-100per_12-66per	11	3	0	13	16	3810	13
3_6-100per_12-66per	11	3	0	12	4	1812	14
3_6-100per_12-66per	11	3	0	17	10	2536	15
3_6-100per_12-66per	11	3	0	11	12	4537	16
3_6-100per_12-66per	11	3	0	1	3	3256	17
3_6-100per_12-66per	11	3	1	2	2	10748	18
3_6-100per_12-66per	12	3	0	17	4	2667	1
3_6-100per_12-66per	12	3	0	14	8	1894	2
3_6-100per_12-66per	12	3	0	5	12	1620	3
3_6-100per_12-66per	12	3	0	11	13	3283	4
3_6-100per_12-66per	12	3	0	6	3	2056	5
3_6-100per_12-66per	12	3	0	4	10	2043	6
3_6-100per_12-66per	12	3	0	3	1	3739	7
3_6-100per_12-66per	12	3	0	10	5	2274	8
3_6-100per_12-66per	12	3	0	8	2	1883	9
3_6-100per_12-66per	12	3	1	15	15	1440	10
3_6-100per_12-66per	12	3	0	7	18	1721	11
3_6-100per_12-66per	12	3	0	2	14	3738	12
3_6-100per_12-66per	12	3	0	12	11	10093	13
3_6-100per_12-66per	12	3	0	13	17	4637	14
3_6-100per_12-66per	12	3	0	18	7	3592	15
3_6-100per_12-66per	12	3	0	11	16	2639	16
3_6-100per_12-66per	12	3	0	4	9	3741	17
3_6-100per_12-66per	12	3	0	13	6	1136	18
3_6-100per_12-66per	13	3	0	7	8	2073	1
3_6-100per_12-66per	13	3	1	1	1	2415	2
3_6-100per_12-66per	13	3	1	2	2	3131	3
3_6-100per_12-66per	13	3	0	8	16	2881	4
3_6-100per_12-66per	13	3	1	12	12	2412	5
3_6-100per_12-66per	13	3	0	5	18	3311	6
3_6-100per_12-66per	13	3	0	13	10	4857	7
3_6-100per_12-66per	13	3	0	5	9	2690	8
3_6-100per_12-66per	13	3	0	4	6	1706	9
3_6-100per_12-66per	13	3	0	11	15	1272	10
3_6-100per_12-66per	13	3	0	18	5	2593	11
3_6-100per_12-66per	13	3	0	9	14	3719	12
3_6-100per_12-66per	13	3	0	6	7	1716	13
3_6-100per_12-66per	13	3	0	15	4	3363	14
3_6-100per_12-66per	13	3	0	3	11	2124	15
3_6-100per_12-66per	13	3	0	16	3	4435	16
3_6-100per_12-66per	13	3	0	14	17	6076	17
3_6-100per_12-66per	13	3	0	15	13	2521	18
3_6-100per_12-66per	14	2	1	18	18	5052	1
3_6-100per_12-66per	14	2	0	15	8	3485	2
3_6-100per_12-66per	14	2	1	16	16	2786	3
3_6-100per_12-66per	14	2	0	4	15	2978	4
3_6-100per_12-66per	14	2	0	6	5	3929	5
3_6-100per_12-66per	14	2	0	9	10	2982	6
3_6-100per_12-66per	14	2	0	14	7	4192	7
3_6-100per_12-66per	14	2	0	8	14	3745	8
3_6-100per_12-66per	14	2	0	12	4	2802	9
3_6-100per_12-66per	14	2	0	13	6	2289	10
3_6-100per_12-66per	14	2	0	1	3	4457	11
3_6-100per_12-66per	14	2	0	18	1	2420	12
3_6-100per_12-66per	14	2	0	3	13	3379	13
3_6-100per_12-66per	14	2	0	16	11	2985	14
3_6-100per_12-66per	14	2	0	14	9	2788	15
3_6-100per_12-66per	14	2	0	11	12	4214	16
3_6-100per_12-66per	14	2	0	10	2	2464	17
3_6-100per_12-66per	14	2	1	17	17	7012	18
3_6-100per_12-66per	15	2	0	18	3	3400	1
3_6-100per_12-66per	15	2	0	14	10	2613	2
3_6-100per_12-66per	15	2	0	8	16	6104	3
3_6-100per_12-66per	15	2	0	8	17	2037	4
3_6-100per_12-66per	15	2	0	13	6	4656	5
3_6-100per_12-66per	15	2	0	3	4	2827	6
3_6-100per_12-66per	15	2	0	12	9	5652	7
3_6-100per_12-66per	15	2	0	11	15	2817	8
3_6-100per_12-66per	15	2	0	2	8	2029	9
3_6-100per_12-66per	15	2	0	15	7	2410	10
3_6-100per_12-66per	15	2	0	17	5	8700	11
3_6-100per_12-66per	15	2	0	5	12	2913	12
3_6-100per_12-66per	15	2	0	9	13	3898	13
3_6-100per_12-66per	15	2	0	3	14	4489	14
3_6-100per_12-66per	15	2	0	6	18	5946	15
3_6-100per_12-66per	15	2	0	17	2	4666	16
3_6-100per_12-66per	15	2	0	14	1	5074	17
3_6-100per_12-66per	15	2	0	1	11	2498	18
3_6-100per_12-66per	16	2	0	6	5	4399	1
3_6-100per_12-66per	16	2	0	6	18	2380	2
3_6-100per_12-66per	16	2	0	14	3	1714	3
3_6-100per_12-66per	16	2	1	1	1	1243	4
3_6-100per_12-66per	16	2	1	11	11	2682	5
3_6-100per_12-66per	16	2	0	18	7	2184	6
3_6-100per_12-66per	16	2	0	7	13	2201	7
3_6-100per_12-66per	16	2	0	10	9	2191	8
3_6-100per_12-66per	16	2	1	8	8	1618	9
3_6-100per_12-66per	16	2	0	4	17	3456	10
3_6-100per_12-66per	16	2	0	5	4	2812	11
3_6-100per_12-66per	16	2	0	17	2	1526	12
3_6-100per_12-66per	16	2	1	16	16	1396	13
3_6-100per_12-66per	16	2	0	3	6	1834	14
3_6-100per_12-66per	16	2	0	13	15	2750	15
3_6-100per_12-66per	16	2	0	15	12	1149	16
3_6-100per_12-66per	16	2	0	12	10	2016	17
3_6-100per_12-66per	16	2	0	2	14	4835	18
3_6-100per_12-66per	17	2	0	7	2	1158	1
3_6-100per_12-66per	17	2	0	4	16	691	2
3_6-100per_12-66per	17	2	0	1	18	585	3
3_6-100per_12-66per	17	2	0	14	3	668	4
3_6-100per_12-66per	17	2	0	4	1	756	5
3_6-100per_12-66per	17	2	0	8	14	676	6
3_6-100per_12-66per	17	2	0	13	6	795	7
3_6-100per_12-66per	17	2	0	18	10	713	8
3_6-100per_12-66per	17	2	0	10	13	719	9
3_6-100per_12-66per	17	2	0	8	11	584	10
3_6-100per_12-66per	17	2	0	5	12	819	11
3_6-100per_12-66per	17	2	0	12	8	3870	12
3_6-100per_12-66per	17	2	0	9	5	2135	13
3_6-100per_12-66per	17	2	0	16	15	1113	14
3_6-100per_12-66per	17	2	0	15	4	1330	15
3_6-100per_12-66per	17	2	0	17	9	4449	16
3_6-100per_12-66per	17	2	0	6	7	1175	17
3_6-100per_12-66per	17	2	0	9	17	1470	18
3_6-100per_12-66per	18	2	0	5	10	6300	1
3_6-100per_12-66per	18	2	1	4	4	3526	2
3_6-100per_12-66per	18	2	0	14	16	2160	3
3_6-100per_12-66per	18	2	1	14	14	3049	4
3_6-100per_12-66per	18	2	0	6	11	7217	5
3_6-100per_12-66per	18	2	0	5	15	5923	6
3_6-100per_12-66per	18	2	0	10	3	2175	7
3_6-100per_12-66per	18	2	0	7	8	1327	8
3_6-100per_12-66per	18	2	0	13	7	3682	9
3_6-100per_12-66per	18	2	1	1	1	3197	10
3_6-100per_12-66per	18	2	0	5	17	2371	11
3_6-100per_12-66per	18	2	0	4	6	3194	12
3_6-100per_12-66per	18	2	0	18	5	2420	13
3_6-100per_12-66per	18	2	0	2	13	3907	14
3_6-100per_12-66per	18	2	1	9	9	2768	15
3_6-100per_12-66per	18	2	0	8	18	4409	16
3_6-100per_12-66per	18	2	0	15	2	1260	17
3_6-100per_12-66per	18	2	1	12	12	2098	18
3_6-100per_12-66per	19	2	1	9	9	6507	1
3_6-100per_12-66per	19	2	0	13	17	5444	2
3_6-100per_12-66per	19	2	0	6	7	1525	3
3_6-100per_12-66per	19	2	0	5	18	3442	4
3_6-100per_12-66per	19	2	1	8	8	2256	5
3_6-100per_12-66per	19	2	0	16	14	5541	6
3_6-100per_12-66per	19	2	0	10	15	2601	7
3_6-100per_12-66per	19	2	0	14	4	1100	8
3_6-100per_12-66per	19	2	1	11	11	2879	9
3_6-100per_12-66per	19	2	0	2	6	4309	10
3_6-100per_12-66per	19	2	0	1	16	11610	11
3_6-100per_12-66per	19	2	1	12	12	8138	12
3_6-100per_12-66per	19	2	0	3	2	1459	13
3_6-100per_12-66per	19	2	0	12	10	7023	14
3_6-100per_12-66per	19	2	0	17	3	4574	15
3_6-100per_12-66per	19	2	0	15	1	1314	16
3_6-100per_12-66per	19	2	0	4	13	5658	17
3_6-100per_12-66per	19	2	0	13	5	5353	18
3_6-100per_12-66per	20	2	0	10	16	1073	1
3_6-100per_12-66per	20	2	0	15	6	1480	2
3_6-100per_12-66per	20	2	0	3	1	1325	3
3_6-100per_12-66per	20	2	0	6	12	1433	4
3_6-100per_12-66per	20	2	0	2	15	1412	5
3_6-100per_12-66per	20	2	0	12	2	1414	6
3_6-100per_12-66per	20	2	0	3	18	1561	7
3_6-100per_12-66per	20	2	0	11	9	1498	8
3_6-100per_12-66per	20	2	0	8	3	1819	9
3_6-100per_12-66per	20	2	0	3	5	1549	10
3_6-100per_12-66per	20	2	0	2	10	2184	11
3_6-100per_12-66per	20	2	0	2	11	2338	12
3_6-100per_12-66per	20	2	0	12	13	1514	13
3_6-100per_12-66per	20	2	0	18	14	2230	14
3_6-100per_12-66per	20	2	0	15	7	1731	15
3_6-100per_12-66per	20	2	0	15	17	1508	16
3_6-100per_12-66per	20	2	0	18	4	1288	17
3_6-100per_12-66per	20	2	0	4	8	1129	18
3_6-100per_12-66per	21	3	1	15	15	2363	1
3_6-100per_12-66per	21	3	0	6	5	10814	2
3_6-100per_12-66per	21	3	1	8	8	1982	3
3_6-100per_12-66per	21	3	1	12	12	3546	4
3_6-100per_12-66per	21	3	1	4	4	4076	5
3_6-100per_12-66per	21	3	1	9	9	6645	6
3_6-100per_12-66per	21	3	1	7	7	1972	7
3_6-100per_12-66per	21	3	1	13	13	8473	8
3_6-100per_12-66per	21	3	0	2	6	7793	9
3_6-100per_12-66per	21	3	1	11	11	8155	10
3_6-100per_12-66per	21	3	1	1	1	4107	11
3_6-100per_12-66per	21	3	0	14	18	4668	12
3_6-100per_12-66per	21	3	0	18	14	8020	13
3_6-100per_12-66per	21	3	0	12	10	7875	14
3_6-100per_12-66per	21	3	1	3	3	1876	15
3_6-100per_12-66per	21	3	1	2	2	3146	16
3_6-100per_12-66per	21	3	1	17	17	2044	17
3_6-100per_12-66per	21	3	0	11	16	5620	18
3_6-100per_12-66per	22	3	0	2	13	1686	1
3_6-100per_12-66per	22	3	0	18	16	1789	2
3_6-100per_12-66per	22	3	0	6	1	1454	3
3_6-100per_12-66per	22	3	0	8	6	2857	4
3_6-100per_12-66per	22	3	0	1	3	1510	5
3_6-100per_12-66per	22	3	0	5	8	2250	6
3_6-100per_12-66per	22	3	0	14	9	1713	7
3_6-100per_12-66per	22	3	1	10	10	1969	8
3_6-100per_12-66per	22	3	0	11	18	2794	9
3_6-100per_12-66per	22	3	0	13	14	2665	10
3_6-100per_12-66per	22	3	1	15	15	1502	11
3_6-100per_12-66per	22	3	0	7	5	1593	12
3_6-100per_12-66per	22	3	0	10	2	5765	13
3_6-100per_12-66per	22	3	0	9	12	2358	14
3_6-100per_12-66per	22	3	0	3	17	2666	15
3_6-100per_12-66per	22	3	1	4	4	6794	16
3_6-100per_12-66per	22	3	0	3	11	1170	17
3_6-100per_12-66per	22	3	0	18	7	2399	18
3_6-100per_12-66per	24	3	1	6	6	12586	1
3_6-100per_12-66per	24	3	0	17	4	15875	2
3_6-100per_12-66per	24	3	1	13	13	3722	3
3_6-100per_12-66per	24	3	1	18	18	3770	4
3_6-100per_12-66per	24	3	0	9	15	11117	5
3_6-100per_12-66per	24	3	0	3	16	4742	6
3_6-100per_12-66per	24	3	1	8	8	1889	7
3_6-100per_12-66per	24	3	0	5	12	22599	8
3_6-100per_12-66per	24	3	0	14	11	28596	9
3_6-100per_12-66per	24	3	0	12	5	1954	10
3_6-100per_12-66per	24	3	0	11	3	8238	11
3_6-100per_12-66per	24	3	0	11	17	16897	12
3_6-100per_12-66per	24	3	0	10	14	12225	13
3_6-100per_12-66per	24	3	1	7	7	1721	14
3_6-100per_12-66per	24	3	0	1	10	4153	15
3_6-100per_12-66per	24	3	0	4	2	4247	16
3_6-100per_12-66per	24	3	1	1	1	3598	17
3_6-100per_12-66per	24	3	0	16	9	22036	18
3_6-100per_12-66per	25	2	0	4	10	3282	1
3_6-100per_12-66per	25	2	1	17	17	2527	2
3_6-100per_12-66per	25	2	0	10	1	2075	3
3_6-100per_12-66per	25	2	0	6	11	1803	4
3_6-100per_12-66per	25	2	0	7	16	1740	5
3_6-100per_12-66per	25	2	0	3	15	2226	6
3_6-100per_12-66per	25	2	0	2	7	4112	7
3_6-100per_12-66per	25	2	0	15	6	1539	8
3_6-100per_12-66per	25	2	0	9	8	2029	9
3_6-100per_12-66per	25	2	0	8	14	3727	10
3_6-100per_12-66per	25	2	0	13	2	2892	11
3_6-100per_12-66per	25	2	0	11	4	1946	12
3_6-100per_12-66per	25	2	1	12	12	1418	13
3_6-100per_12-66per	25	2	1	13	13	1988	14
3_6-100per_12-66per	25	2	0	5	3	4190	15
3_6-100per_12-66per	25	2	0	14	18	3305	16
3_6-100per_12-66per	25	2	0	15	5	4620	17
3_6-100per_12-66per	25	2	0	16	9	3006	18
3_6-100per_12-66per	26	3	0	8	17	2878	1
3_6-100per_12-66per	26	3	0	14	3	1795	2
3_6-100per_12-66per	26	3	0	17	2	1767	3
3_6-100per_12-66per	26	3	0	15	8	1622	4
3_6-100per_12-66per	26	3	0	7	11	1823	5
3_6-100per_12-66per	26	3	0	11	13	3318	6
3_6-100per_12-66per	26	3	0	15	18	1438	7
3_6-100per_12-66per	26	3	0	2	15	1948	8
3_6-100per_12-66per	26	3	0	13	14	1627	9
3_6-100per_12-66per	26	3	0	5	12	1610	10
3_6-100per_12-66per	26	3	0	12	10	3380	11
3_6-100per_12-66per	26	3	0	10	5	4642	12
3_6-100per_12-66per	26	3	0	16	4	2841	13
3_6-100per_12-66per	26	3	0	18	6	1339	14
3_6-100per_12-66per	26	3	1	1	1	1309	15
3_6-100per_12-66per	26	3	0	2	7	2338	16
3_6-100per_12-66per	26	3	0	18	16	1844	17
3_6-100per_12-66per	26	3	0	14	9	2499	18
3_6-100per_12-66per	27	2	0	8	18	9371	1
3_6-100per_12-66per	27	2	0	12	8	6356	2
3_6-100per_12-66per	27	2	0	14	4	7682	3
3_6-100per_12-66per	27	2	1	10	10	1702	4
3_6-100per_12-66per	27	2	1	6	6	2625	5
3_6-100per_12-66per	27	2	0	4	2	15888	6
3_6-100per_12-66per	27	2	0	3	1	1604	7
3_6-100per_12-66per	27	2	0	2	15	7066	8
3_6-100per_12-66per	27	2	0	5	13	4930	9
3_6-100per_12-66per	27	2	0	4	16	6302	10
3_6-100per_12-66per	27	2	0	9	17	4131	11
3_6-100per_12-66per	27	2	0	15	5	6984	12
3_6-100per_12-66per	27	2	0	1	11	4490	13
3_6-100per_12-66per	27	2	0	11	12	12065	14
3_6-100per_12-66per	27	2	0	8	9	4080	15
3_6-100per_12-66per	27	2	0	13	7	1789	16
3_6-100per_12-66per	27	2	0	9	3	3414	17
3_6-100per_12-66per	27	2	0	16	14	1913	18
3_6-100per_12-66per	28	3	0	13	10	7866	1
3_6-100per_12-66per	28	3	1	11	11	2522	2
3_6-100per_12-66per	28	3	0	1	13	4354	3
3_6-100per_12-66per	28	3	0	14	1	2377	4
3_6-100per_12-66per	28	3	1	15	15	1614	5
3_6-100per_12-66per	28	3	0	6	18	4867	6
3_6-100per_12-66per	28	3	0	9	6	3449	7
3_6-100per_12-66per	28	3	0	10	9	4200	8
3_6-100per_12-66per	28	3	0	8	12	2686	9
3_6-100per_12-66per	28	3	0	3	5	3035	10
3_6-100per_12-66per	28	3	0	12	7	1852	11
3_6-100per_12-66per	28	3	0	5	16	3053	12
3_6-100per_12-66per	28	3	0	2	14	8553	13
3_6-100per_12-66per	28	3	1	17	17	2230	14
3_6-100per_12-66per	28	3	0	18	3	9769	15
3_6-100per_12-66per	28	3	1	8	8	2993	16
3_6-100per_12-66per	28	3	0	3	4	8331	17
3_6-100per_12-66per	28	3	0	7	2	1849	18
3_6-100per_12-66per	29	2	0	8	12	2461	1
3_6-100per_12-66per	29	2	0	10	15	7720	2
3_6-100per_12-66per	29	2	0	12	7	2104	3
3_6-100per_12-66per	29	2	1	5	5	9381	4
3_6-100per_12-66per	29	2	1	3	3	8218	5
3_6-100per_12-66per	29	2	0	10	4	5961	6
3_6-100per_12-66per	29	2	0	4	1	9619	7
3_6-100per_12-66per	29	2	0	4	8	4434	8
3_6-100per_12-66per	29	2	0	1	10	2702	9
3_6-100per_12-66per	29	2	1	14	14	1583	10
3_6-100per_12-66per	29	2	0	6	2	5467	11
3_6-100per_12-66per	29	2	1	9	9	2850	12
3_6-100per_12-66per	29	2	1	16	16	10016	13
3_6-100per_12-66per	29	2	0	18	13	8371	14
3_6-100per_12-66per	29	2	1	17	17	1846	15
3_6-100per_12-66per	29	2	0	2	18	10947	16
3_6-100per_12-66per	29	2	0	13	11	6824	17
3_6-100per_12-66per	29	2	1	6	6	2875	18
3_6-100per_12-66per	30	2	0	10	15	3517	1
3_6-100per_12-66per	30	2	0	3	5	1273	2
3_6-100per_12-66per	30	2	0	15	14	1599	3
3_6-100per_12-66per	30	2	0	7	1	2375	4
3_6-100per_12-66per	30	2	0	15	16	1164	5
3_6-100per_12-66per	30	2	0	15	6	1606	6
3_6-100per_12-66per	30	2	0	9	7	4431	7
3_6-100per_12-66per	30	2	0	1	8	1764	8
3_6-100per_12-66per	30	2	0	3	9	1279	9
3_6-100per_12-66per	30	2	0	14	10	2474	10
3_6-100per_12-66per	30	2	0	13	17	1531	11
3_6-100per_12-66per	30	2	1	3	3	3359	12
3_6-100per_12-66per	30	2	0	5	13	1980	13
3_6-100per_12-66per	30	2	0	15	11	2042	14
3_6-100per_12-66per	30	2	0	4	18	3826	15
3_6-100per_12-66per	30	2	0	16	4	3561	16
3_6-100per_12-66per	30	2	0	6	2	2098	17
3_6-100per_12-66per	30	2	0	8	12	2618	18
3_6-100per_12-66per	31	2	1	16	16	2339	1
3_6-100per_12-66per	31	2	0	14	10	13789	2
3_6-100per_12-66per	31	2	0	7	18	5591	3
3_6-100per_12-66per	31	2	1	7	7	1981	4
3_6-100per_12-66per	31	2	0	3	4	6720	5
3_6-100per_12-66per	31	2	1	15	15	9312	6
3_6-100per_12-66per	31	2	0	18	6	7794	7
3_6-100per_12-66per	31	2	0	18	11	6275	8
3_6-100per_12-66per	31	2	0	13	9	7896	9
3_6-100per_12-66per	31	2	1	8	8	2009	10
3_6-100per_12-66per	31	2	0	17	12	11867	11
3_6-100per_12-66per	31	2	0	15	14	7284	12
3_6-100per_12-66per	31	2	1	5	5	5751	13
3_6-100per_12-66per	31	2	0	10	3	4356	14
3_6-100per_12-66per	31	2	1	1	1	1802	15
3_6-100per_12-66per	31	2	0	12	13	7655	16
3_6-100per_12-66per	31	2	0	11	17	9883	17
3_6-100per_12-66per	31	2	1	2	2	3613	18
4_6-dist	11	4	0	3	9	2342	1
4_6-dist	11	4	0	5	7	1916	2
4_6-dist	11	4	1	16	16	2255	3
4_6-dist	11	4	0	2	15	1497	4
4_6-dist	11	4	0	17	4	2635	5
4_6-dist	11	4	0	1	10	3125	6
4_6-dist	11	4	0	11	3	1946	7
4_6-dist	11	4	0	4	13	3205	8
4_6-dist	11	4	0	12	8	1358	9
4_6-dist	11	4	0	13	1	2991	10
4_6-dist	11	4	0	10	14	6859	11
4_6-dist	11	4	0	6	17	3213	12
4_6-dist	11	4	0	18	2	3152	13
4_6-dist	11	4	0	8	5	2221	14
4_6-dist	11	4	0	7	6	3159	15
4_6-dist	11	4	0	15	18	3636	16
4_6-dist	11	4	0	14	11	1687	17
4_6-dist	11	4	0	13	12	7059	18
4_6-dist	12	4	1	16	16	1879	1
4_6-dist	12	4	0	18	11	3084	2
4_6-dist	12	4	1	1	1	2010	3
4_6-dist	12	4	1	15	15	1499	4
4_6-dist	12	4	0	4	18	1123	5
4_6-dist	12	4	0	17	10	2324	6
4_6-dist	12	4	0	7	6	1600	7
4_6-dist	12	4	0	3	13	1905	8
4_6-dist	12	4	0	8	5	2350	9
4_6-dist	12	4	0	4	7	1770	10
4_6-dist	12	4	0	14	12	3247	11
4_6-dist	12	4	0	12	8	3854	12
4_6-dist	12	4	0	10	17	3251	13
4_6-dist	12	4	0	9	4	2635	14
4_6-dist	12	4	0	4	9	1517	15
4_6-dist	12	4	0	11	14	1911	16
4_6-dist	12	4	1	2	2	1363	17
4_6-dist	12	4	0	13	3	3972	18
4_6-dist	13	4	0	4	13	6040	1
4_6-dist	13	4	0	6	14	4042	2
4_6-dist	13	4	1	15	15	3675	3
4_6-dist	13	4	0	16	18	1841	4
4_6-dist	13	4	0	5	10	2785	5
4_6-dist	13	4	0	13	4	2251	6
4_6-dist	13	4	0	14	11	1964	7
4_6-dist	13	4	0	5	17	2340	8
4_6-dist	13	4	0	7	6	4263	9
4_6-dist	13	4	0	17	12	2408	10
4_6-dist	13	4	0	3	5	2709	11
4_6-dist	13	4	0	12	16	2824	12
4_6-dist	13	4	1	9	9	1903	13
4_6-dist	13	4	0	11	7	7100	14
4_6-dist	13	4	1	1	1	1196	15
4_6-dist	13	4	1	8	8	2066	16
4_6-dist	13	4	1	2	2	3218	17
4_6-dist	13	4	0	4	3	1601	18
4_6-dist	14	1	0	2	13	2882	1
4_6-dist	14	1	0	15	4	2141	2
4_6-dist	14	1	0	1	17	2741	3
4_6-dist	14	1	0	15	5	1566	4
4_6-dist	14	1	0	12	18	2446	5
4_6-dist	14	1	0	7	9	1475	6
4_6-dist	14	1	1	11	11	1867	7
4_6-dist	14	1	0	17	14	2743	8
4_6-dist	14	1	0	14	8	1400	9
4_6-dist	14	1	0	7	16	1974	10
4_6-dist	14	1	0	11	1	1098	11
4_6-dist	14	1	0	18	12	1317	12
4_6-dist	14	1	0	13	2	2982	13
4_6-dist	14	1	0	16	10	2665	14
4_6-dist	14	1	0	9	15	4033	15
4_6-dist	14	1	0	13	3	1930	16
4_6-dist	14	1	0	17	7	3455	17
4_6-dist	14	1	0	8	6	2781	18
4_6-dist	15	1	1	4	4	3347	1
4_6-dist	15	1	0	8	9	3089	2
4_6-dist	15	1	0	18	5	4473	3
4_6-dist	15	1	0	17	8	3936	4
4_6-dist	15	1	1	16	16	3153	5
4_6-dist	15	1	1	12	12	2015	6
4_6-dist	15	1	0	16	2	2529	7
4_6-dist	15	1	0	7	17	3046	8
4_6-dist	15	1	1	1	1	2461	9
4_6-dist	15	1	0	6	15	3226	10
4_6-dist	15	1	1	14	14	1840	11
4_6-dist	15	1	0	3	10	9772	12
4_6-dist	15	1	0	5	7	2897	13
4_6-dist	15	1	0	15	13	1693	14
4_6-dist	15	1	0	9	18	7265	15
4_6-dist	15	1	1	11	11	1472	16
4_6-dist	15	1	0	6	3	2873	17
4_6-dist	15	1	0	18	6	5529	18
4_6-dist	16	1	1	11	11	6762	1
4_6-dist	16	1	1	6	6	1452	2
4_6-dist	16	1	0	3	4	6171	3
4_6-dist	16	1	0	4	18	2218	4
4_6-dist	16	1	0	13	17	5665	5
4_6-dist	16	1	1	2	2	1905	6
4_6-dist	16	1	0	4	7	2221	7
4_6-dist	16	1	0	18	13	4756	8
4_6-dist	16	1	1	5	5	4938	9
4_6-dist	16	1	0	14	16	5100	10
4_6-dist	16	1	0	1	14	1707	11
4_6-dist	16	1	1	15	15	4944	12
4_6-dist	16	1	0	3	10	3352	13
4_6-dist	16	1	1	9	9	2318	14
4_6-dist	16	1	0	17	1	3170	15
4_6-dist	16	1	0	18	8	2490	16
4_6-dist	16	1	0	14	3	4329	17
4_6-dist	16	1	1	12	12	2476	18
4_6-dist	17	1	1	11	11	1711	1
4_6-dist	17	1	0	15	5	1745	2
4_6-dist	17	1	0	12	16	4906	3
4_6-dist	17	1	0	7	9	1575	4
4_6-dist	17	1	0	17	6	1236	5
4_6-dist	17	1	0	5	4	1677	6
4_6-dist	17	1	0	7	14	999	7
4_6-dist	17	1	0	5	13	1099	8
4_6-dist	17	1	0	3	17	981	9
4_6-dist	17	1	1	1	1	2059	10
4_6-dist	17	1	0	6	7	2268	11
4_6-dist	17	1	0	10	15	1790	12
4_6-dist	17	1	0	14	18	1715	13
4_6-dist	17	1	0	4	3	1562	14
4_6-dist	17	1	0	3	12	1427	15
4_6-dist	17	1	0	13	10	914	16
4_6-dist	17	1	1	8	8	1248	17
4_6-dist	17	1	0	9	2	3303	18
4_6-dist	18	1	0	12	1	3069	1
4_6-dist	18	1	0	3	18	2386	2
4_6-dist	18	1	0	15	7	5550	3
4_6-dist	18	1	1	10	10	5817	4
4_6-dist	18	1	0	18	9	3324	5
4_6-dist	18	1	0	17	15	2078	6
4_6-dist	18	1	1	13	13	3173	7
4_6-dist	18	1	1	4	4	2404	8
4_6-dist	18	1	1	11	11	1883	9
4_6-dist	18	1	0	6	3	1950	10
4_6-dist	18	1	0	2	17	2997	11
4_6-dist	18	1	1	5	5	6018	12
4_6-dist	18	1	1	12	12	1793	13
4_6-dist	18	1	0	7	8	5604	14
4_6-dist	18	1	1	14	14	2643	15
4_6-dist	18	1	1	6	6	2072	16
4_6-dist	18	1	0	15	2	6385	17
4_6-dist	18	1	1	16	16	1538	18
4_6-dist	19	1	1	6	6	1711	1
4_6-dist	19	1	1	5	5	2315	2
4_6-dist	19	1	1	10	10	6401	3
4_6-dist	19	1	0	7	12	2366	4
4_6-dist	19	1	0	9	16	2496	5
4_6-dist	19	1	1	11	11	1824	6
4_6-dist	19	1	1	2	2	5239	7
4_6-dist	19	1	1	14	14	2234	8
4_6-dist	19	1	1	15	15	10503	9
4_6-dist	19	1	0	17	8	8992	10
4_6-dist	19	1	1	18	18	3037	11
4_6-dist	19	1	0	13	4	10591	12
4_6-dist	19	1	1	3	3	6153	13
4_6-dist	19	1	0	12	9	7254	14
4_6-dist	19	1	0	15	17	5289	15
4_6-dist	19	1	1	1	1	2185	16
4_6-dist	19	1	0	8	13	1715	17
4_6-dist	19	1	0	12	7	5829	18
4_6-dist	20	1	0	15	8	3717	1
4_6-dist	20	1	0	3	18	2014	2
4_6-dist	20	1	0	14	10	1383	3
4_6-dist	20	1	0	16	12	1996	4
4_6-dist	20	1	0	17	4	1898	5
4_6-dist	20	1	0	6	13	2305	6
4_6-dist	20	1	0	9	5	1893	7
4_6-dist	20	1	0	2	11	1653	8
4_6-dist	20	1	0	13	2	2633	9
4_6-dist	20	1	0	8	16	3244	10
4_6-dist	20	1	0	1	14	1635	11
4_6-dist	20	1	0	2	17	1775	12
4_6-dist	20	1	0	11	15	1822	13
4_6-dist	20	1	0	12	3	3621	14
4_6-dist	20	1	0	4	9	2195	15
4_6-dist	20	1	0	15	1	1573	16
4_6-dist	20	1	0	13	6	1864	17
4_6-dist	20	1	0	3	7	1315	18
4_6-dist	21	4	1	3	3	13363	1
4_6-dist	21	4	1	1	1	6534	2
4_6-dist	21	4	1	5	5	5097	3
4_6-dist	21	4	0	11	16	1858	4
4_6-dist	21	4	1	14	14	2369	5
4_6-dist	21	4	1	8	8	1822	6
4_6-dist	21	4	1	11	11	1886	7
4_6-dist	21	4	1	13	13	2041	8
4_6-dist	21	4	0	17	9	11908	9
4_6-dist	21	4	0	18	17	7382	10
4_6-dist	21	4	1	7	7	2634	11
4_6-dist	21	4	0	3	4	10213	12
4_6-dist	21	4	1	2	2	2225	13
4_6-dist	21	4	0	17	12	13232	14
4_6-dist	21	4	0	3	18	27594	15
4_6-dist	21	4	1	10	10	1699	16
4_6-dist	21	4	1	6	6	2066	17
4_6-dist	21	4	1	15	15	3220	18
4_6-dist	22	4	0	13	9	2187	1
4_6-dist	22	4	0	7	6	1509	2
4_6-dist	22	4	0	6	3	2132	3
4_6-dist	22	4	0	10	17	1447	4
4_6-dist	22	4	0	8	2	2309	5
4_6-dist	22	4	0	1	11	1602	6
4_6-dist	22	4	0	16	12	1345	7
4_6-dist	22	4	0	2	5	2929	8
4_6-dist	22	4	0	17	10	3431	9
4_6-dist	22	4	0	4	18	1920	10
4_6-dist	22	4	0	15	4	2707	11
4_6-dist	22	4	0	11	7	2064	12
4_6-dist	22	4	0	7	16	1723	13
4_6-dist	22	4	0	1	14	4611	14
4_6-dist	22	4	0	8	15	2167	15
4_6-dist	22	4	1	13	13	8239	16
4_6-dist	22	4	0	10	1	1601	17
4_6-dist	22	4	0	16	8	5928	18
4_6-dist	24	4	1	15	15	2645	1
4_6-dist	24	4	0	4	14	14468	2
4_6-dist	24	4	1	2	2	2019	3
4_6-dist	24	4	1	5	5	3563	4
4_6-dist	24	4	1	12	12	5205	5
4_6-dist	24	4	1	3	3	8060	6
4_6-dist	24	4	1	1	1	1686	7
4_6-dist	24	4	1	18	18	12331	8
4_6-dist	24	4	1	11	11	2703	9
4_6-dist	24	4	0	7	9	13389	10
4_6-dist	24	4	0	14	4	6445	11
4_6-dist	24	4	1	17	17	1565	12
4_6-dist	24	4	1	6	6	2878	13
4_6-dist	24	4	1	10	10	7045	14
4_6-dist	24	4	0	9	7	21954	15
4_6-dist	24	4	1	8	8	1205	16
4_6-dist	24	4	1	13	13	7324	17
4_6-dist	24	4	1	16	16	2792	18
4_6-dist	25	1	0	18	13	2957	1
4_6-dist	25	1	0	5	4	3520	2
4_6-dist	25	1	0	4	18	1903	3
4_6-dist	25	1	0	13	11	1851	4
4_6-dist	25	1	0	2	7	2108	5
4_6-dist	25	1	0	14	17	2105	6
4_6-dist	25	1	0	1	16	1741	7
4_6-dist	25	1	0	15	9	1711	8
4_6-dist	25	1	0	6	14	2828	9
4_6-dist	25	1	0	11	12	1274	10
4_6-dist	25	1	0	9	15	1998	11
4_6-dist	25	1	0	12	1	2052	12
4_6-dist	25	1	0	18	8	2035	13
4_6-dist	25	1	0	10	5	2911	14
4_6-dist	25	1	0	7	10	1641	15
4_6-dist	25	1	0	4	3	4966	16
4_6-dist	25	1	0	13	2	1743	17
4_6-dist	25	1	0	3	6	2522	18
4_6-dist	26	4	0	7	13	1741	1
4_6-dist	26	4	0	1	8	2094	2
4_6-dist	26	4	0	11	4	1711	3
4_6-dist	26	4	0	4	17	3150	4
4_6-dist	26	4	0	9	7	2915	5
4_6-dist	26	4	1	2	2	3113	6
4_6-dist	26	4	1	18	18	2352	7
4_6-dist	26	4	0	12	10	5865	8
4_6-dist	26	4	0	3	5	1493	9
4_6-dist	26	4	0	13	16	1715	10
4_6-dist	26	4	1	6	6	1121	11
4_6-dist	26	4	0	10	1	1457	12
4_6-dist	26	4	0	8	14	1148	13
4_6-dist	26	4	0	18	9	2085	14
4_6-dist	26	4	0	16	15	1230	15
4_6-dist	26	4	0	5	11	2907	16
4_6-dist	26	4	0	17	3	5122	17
4_6-dist	26	4	0	5	12	1696	18
4_6-dist	27	1	1	7	7	5674	1
4_6-dist	27	1	0	1	2	10706	2
4_6-dist	27	1	0	6	3	2709	3
4_6-dist	27	1	0	9	8	7474	4
4_6-dist	27	1	1	13	13	1696	5
4_6-dist	27	1	0	17	9	3586	6
4_6-dist	27	1	0	3	18	8131	7
4_6-dist	27	1	0	15	6	5920	8
4_6-dist	27	1	1	16	16	1889	9
4_6-dist	27	1	1	14	14	2048	10
4_6-dist	27	1	0	10	15	4405	11
4_6-dist	27	1	0	8	1	2903	12
4_6-dist	27	1	0	18	5	2881	13
4_6-dist	27	1	0	1	12	6934	14
4_6-dist	27	1	1	11	11	1325	15
4_6-dist	27	1	0	5	17	6086	16
4_6-dist	27	1	0	9	4	2605	17
4_6-dist	27	1	0	2	10	5666	18
4_6-dist	28	4	1	15	15	2054	1
4_6-dist	28	4	0	17	6	2194	2
4_6-dist	28	4	0	5	9	2784	3
4_6-dist	28	4	0	10	17	1986	4
4_6-dist	28	4	0	4	2	1519	5
4_6-dist	28	4	0	18	16	4005	6
4_6-dist	28	4	0	14	3	1363	7
4_6-dist	28	4	1	11	11	1998	8
4_6-dist	28	4	0	13	8	2012	9
4_6-dist	28	4	0	16	4	1559	10
4_6-dist	28	4	0	1	5	2777	11
4_6-dist	28	4	0	2	10	5463	12
4_6-dist	28	4	0	3	13	3578	13
4_6-dist	28	4	0	8	12	2046	14
4_6-dist	28	4	0	6	7	1550	15
4_6-dist	28	4	0	9	1	6939	16
4_6-dist	28	4	0	5	18	5766	17
4_6-dist	28	4	0	10	14	3790	18
4_6-dist	29	1	0	18	5	8201	1
4_6-dist	29	1	1	1	1	2344	2
4_6-dist	29	1	1	4	4	2520	3
4_6-dist	29	1	1	17	17	1872	4
4_6-dist	29	1	0	13	8	3024	5
4_6-dist	29	1	0	8	7	7672	6
4_6-dist	29	1	1	2	2	3358	7
4_6-dist	29	1	0	3	6	3430	8
4_6-dist	29	1	0	13	10	9967	9
4_6-dist	29	1	0	4	14	7209	10
4_6-dist	29	1	1	9	9	2578	11
4_6-dist	29	1	1	15	15	1552	12
4_6-dist	29	1	0	8	3	14021	13
4_6-dist	29	1	1	13	13	2453	14
4_6-dist	29	1	1	18	18	3939	15
4_6-dist	29	1	0	7	16	7237	16
4_6-dist	29	1	0	10	12	5872	17
4_6-dist	29	1	0	6	11	5887	18
4_6-dist	30	1	0	6	8	4219	1
4_6-dist	30	1	1	12	12	1738	2
4_6-dist	30	1	0	6	2	1938	3
4_6-dist	30	1	0	8	18	1868	4
4_6-dist	30	1	0	2	15	2315	5
4_6-dist	30	1	0	15	11	2732	6
4_6-dist	30	1	0	12	14	4153	7
4_6-dist	30	1	0	2	1	3157	8
4_6-dist	30	1	0	17	4	2796	9
4_6-dist	30	1	0	8	10	2178	10
4_6-dist	30	1	0	16	13	2649	11
4_6-dist	30	1	0	9	6	1816	12
4_6-dist	30	1	0	4	3	2210	13
4_6-dist	30	1	0	12	5	2180	14
4_6-dist	30	1	0	12	9	1852	15
4_6-dist	30	1	0	18	17	1626	16
4_6-dist	30	1	0	10	7	2241	17
4_6-dist	30	1	0	5	16	2675	18
4_6-dist	31	1	0	13	17	7465	1
4_6-dist	31	1	0	17	6	3164	2
4_6-dist	31	1	0	10	16	5343	3
4_6-dist	31	1	0	13	11	3694	4
4_6-dist	31	1	1	18	18	2791	5
4_6-dist	31	1	0	7	14	9233	6
4_6-dist	31	1	0	6	13	5302	7
4_6-dist	31	1	1	3	3	5959	8
4_6-dist	31	1	0	12	4	3348	9
4_6-dist	31	1	1	2	2	2435	10
4_6-dist	31	1	0	4	15	4453	11
4_6-dist	31	1	1	9	9	2788	12
4_6-dist	31	1	1	1	1	1823	13
4_6-dist	31	1	1	8	8	10022	14
4_6-dist	31	1	0	11	7	5547	15
4_6-dist	31	1	0	12	5	7821	16
4_6-dist	31	1	0	8	10	5587	17
4_6-dist	31	1	0	10	12	4166	18
