ExperimentName	Subject	Session	SessionTime	Correct	CorrectAns	Response	TestList.Sample	TestSlide.RT
1_	13	4	11:37:04	1	2	2	1	2166
1_	13	4	11:37:04	1	5	5	2	4680
1_	13	4	11:37:04	1	11	11	3	3018
1_	13	4	11:37:04	1	10	10	4	3354
1_	13	4	11:37:04	1	18	18	5	4240
1_	13	4	11:37:04	1	8	8	6	2556
1_	13	4	11:37:04	1	1	1	7	1704
1_	13	4	11:37:04	1	7	7	8	1876
1_	13	4	11:37:04	1	6	6	9	3660
1_	13	4	11:37:04	0	16	14	10	6383
1_	13	4	11:37:04	1	12	12	11	2410
1_	13	4	11:37:04	1	9	9	12	1469
1_	13	4	11:37:04	1	13	13	13	1724
1_	13	4	11:37:04	1	15	15	14	4194
1_	13	4	11:37:04	1	4	4	15	4767
1_	13	4	11:37:04	1	3	3	16	2037
1_	13	4	11:37:04	1	17	17	17	3248
1_	13	4	11:37:04	1	14	14	18	20806
1_	18	4	12:26:19	1	16	16	1	3851
1_	18	4	12:26:19	1	18	18	2	2120
1_	18	4	12:26:19	1	4	4	3	1994
1_	18	4	12:26:19	1	8	8	4	1672
1_	18	4	12:26:19	1	15	15	5	1857
1_	18	4	12:26:19	1	6	6	6	2142
1_	18	4	12:26:19	1	14	14	7	1774
1_	18	4	12:26:19	1	13	13	8	3562
1_	18	4	12:26:19	1	5	5	9	2509
1_	18	4	12:26:19	1	7	7	10	1618
1_	18	4	12:26:19	1	12	12	11	1745
1_	18	4	12:26:19	1	10	10	12	2009
1_	18	4	12:26:19	1	1	1	13	1341
1_	18	4	12:26:19	1	3	3	14	2341
1_	18	4	12:26:19	1	11	11	15	1687
1_	18	4	12:26:19	1	2	2	16	2066
1_	18	4	12:26:19	1	9	9	17	1683
1_	18	4	12:26:19	1	17	17	18	1766
1_	23	1	12:43:14	1	5	5	1	1611
1_	23	1	12:43:14	1	3	3	2	2668
1_	23	1	12:43:14	1	14	14	3	1359
1_	23	1	12:43:14	1	13	13	4	4851
1_	23	1	12:43:14	1	12	12	5	3100
1_	23	1	12:43:14	1	4	4	6	1592
1_	23	1	12:43:14	0	16	13	7	16793
1_	23	1	12:43:14	1	1	1	8	2202
1_	23	1	12:43:14	0	15	6	9	10882
1_	23	1	12:43:14	1	8	8	10	4453
1_	23	1	12:43:14	0	9	6	11	7799
1_	23	1	12:43:14	1	11	11	12	2021
1_	23	1	12:43:14	1	2	2	13	3612
1_	23	1	12:43:14	1	7	7	14	1351
1_	23	1	12:43:14	1	17	17	15	3540
1_	23	1	12:43:14	0	6	18	16	7894
1_	23	1	12:43:14	0	10	16	17	9334
1_	23	1	12:43:14	0	18	10	18	6578
1_80per	3	1	10:16:04	0	9	12	1	3996
1_80per	3	1	10:16:04	0	15	6	2	3538
1_80per	3	1	10:16:04	0	18	14	3	4180
1_80per	3	1	10:16:04	0	16	9	4	1665
1_80per	3	1	10:16:04	0	4	6	5	3041
1_80per	3	1	10:16:04	0	14	9	6	3681
1_80per	3	1	10:16:04	0	12	15	7	2557
1_80per	3	1	10:16:04	1	5	5	8	2597
1_80per	3	1	10:16:04	0	2	11	9	3881
1_80per	3	1	10:16:04	0	10	6	10	2269
1_80per	3	1	10:16:04	0	11	13	11	1517
1_80per	3	1	10:16:04	0	1	16	12	4700
1_80per	3	1	10:16:04	0	13	6	13	3153
1_80per	3	1	10:16:04	0	6	10	14	4551
1_80per	3	1	10:16:04	0	3	12	15	3956
1_80per	3	1	10:16:04	1	7	7	16	1193
1_80per	3	1	10:16:04	1	8	8	17	3822
1_80per	3	1	10:16:04	0	17	1	18	1371
1_	8	1	10:59:33	0	17	2	1	12481
1_	8	1	10:59:33	0	8	12	2	15964
1_	8	1	10:59:33	0	5	4	3	7343
1_	8	1	10:59:33	0	9	13	4	3910
1_	8	1	10:59:33	1	10	10	5	7934
1_	8	1	10:59:33	0	3	8	6	8255
1_	8	1	10:59:33	0	18	14	7	8490
1_	8	1	10:59:33	1	1	1	8	1289
1_	8	1	10:59:33	0	16	5	9	4595
1_	8	1	10:59:33	0	15	18	10	14545
1_	8	1	10:59:33	0	2	11	11	6744
1_	8	1	10:59:33	0	4	16	12	15193
1_	8	1	10:59:33	0	12	15	13	7938
1_	8	1	10:59:33	0	7	3	14	11324
1_	8	1	10:59:33	0	13	8	15	7832
1_	8	1	10:59:33	1	6	6	16	11594
1_	8	1	10:59:33	0	14	4	17	3763
1_	8	1	10:59:33	0	11	15	18	7062
2_12-100per_6-50per	13	3	11:29:22	1	15	15	1	1273
2_12-100per_6-50per	13	3	11:29:22	0	17	16	2	3849
2_12-100per_6-50per	13	3	11:29:22	0	14	11	3	5728
2_12-100per_6-50per	13	3	11:29:22	0	16	11	4	4460
2_12-100per_6-50per	13	3	11:29:22	1	5	5	5	2983
2_12-100per_6-50per	13	3	11:29:22	1	12	12	6	5130
2_12-100per_6-50per	13	3	11:29:22	1	10	10	7	8734
2_12-100per_6-50per	13	3	11:29:22	0	8	4	8	1642
2_12-100per_6-50per	13	3	11:29:22	1	6	6	9	5691
2_12-100per_6-50per	13	3	11:29:22	0	11	8	10	7676
2_12-100per_6-50per	13	3	11:29:22	1	9	9	11	1678
2_12-100per_6-50per	13	3	11:29:22	1	13	13	12	2499
2_12-100per_6-50per	13	3	11:29:22	1	2	2	13	3859
2_12-100per_6-50per	13	3	11:29:22	1	7	7	14	1798
2_12-100per_6-50per	13	3	11:29:22	1	3	3	15	1813
2_12-100per_6-50per	13	3	11:29:22	0	4	18	16	5791
2_12-100per_6-50per	13	3	11:29:22	1	18	18	17	1817
2_12-100per_6-50per	13	3	11:29:22	1	1	1	18	2385
2_	18	3	12:18:41	1	6	6	1	3204
2_	18	3	12:18:41	1	9	9	2	1036
2_	18	3	12:18:41	1	16	16	3	5342
2_	18	3	12:18:41	1	7	7	4	1767
2_	18	3	12:18:41	1	15	15	5	1648
2_	18	3	12:18:41	1	17	17	6	1019
2_	18	3	12:18:41	1	4	4	7	6679
2_	18	3	12:18:41	1	10	10	8	1603
2_	18	3	12:18:41	1	1	1	9	14553
2_	18	3	12:18:41	1	18	18	10	3014
2_	18	3	12:18:41	1	8	8	11	3058
2_	18	3	12:18:41	1	11	11	12	2036
2_	18	3	12:18:41	1	2	2	13	5200
2_	18	3	12:18:41	1	5	5	14	1949
2_	18	3	12:18:41	1	3	3	15	1964
2_	18	3	12:18:41	1	12	12	16	1339
2_	18	3	12:18:41	1	14	14	17	8246
2_	18	3	12:18:41	1	13	13	18	2156
2_	23	2	12:52:41	0	4	8	1	11729
2_	23	2	12:52:41	0	17	11	2	4991
2_	23	2	12:52:41	1	2	2	3	1342
2_	23	2	12:52:41	0	16	17	4	3698
2_	23	2	12:52:41	0	18	14	5	6738
2_	23	2	12:52:41	0	12	3	6	2930
2_	23	2	12:52:41	1	1	1	7	1680
2_	23	2	12:52:41	0	10	16	8	8588
2_	23	2	12:52:41	1	7	7	9	1493
2_	23	2	12:52:41	1	13	13	10	1573
2_	23	2	12:52:41	1	9	9	11	2604
2_	23	2	12:52:41	1	6	6	12	2715
2_	23	2	12:52:41	1	5	5	13	5276
2_	23	2	12:52:41	0	14	16	14	6531
2_	23	2	12:52:41	1	15	15	15	2130
2_	23	2	12:52:41	0	3	4	16	6396
2_	23	2	12:52:41	0	8	9	17	2065
2_	23	2	12:52:41	0	11	10	18	2283
2_12-100per_6-50per	8	2	11:09:24	0	16	10	1	8808
2_12-100per_6-50per	8	2	11:09:24	0	13	16	2	11362
2_12-100per_6-50per	8	2	11:09:24	0	3	4	3	9106
2_12-100per_6-50per	8	2	11:09:24	0	9	11	4	8086
2_12-100per_6-50per	8	2	11:09:24	0	1	13	5	8227
2_12-100per_6-50per	8	2	11:09:24	1	15	15	6	4325
2_12-100per_6-50per	8	2	11:09:24	0	6	18	7	2422
2_12-100per_6-50per	8	2	11:09:24	0	17	14	8	8389
2_12-100per_6-50per	8	2	11:09:24	0	4	2	9	5119
2_12-100per_6-50per	8	2	11:09:24	0	10	3	10	11223
2_12-100per_6-50per	8	2	11:09:24	0	5	17	11	8725
2_12-100per_6-50per	8	2	11:09:24	1	12	12	12	5146
2_12-100per_6-50per	8	2	11:09:24	0	11	1	13	7690
2_12-100per_6-50per	8	2	11:09:24	1	7	7	14	4468
2_12-100per_6-50per	8	2	11:09:24	0	18	6	15	12515
2_12-100per_6-50per	8	2	11:09:24	0	14	5	16	3482
2_12-100per_6-50per	8	2	11:09:24	0	8	9	17	3317
2_12-100per_6-50per	8	2	11:09:24	0	2	13	18	12230
3_6-100per_12-66per	13	2	11:21:30	1	14	14	1	3234
3_6-100per_12-66per	13	2	11:21:30	0	5	9	2	5781
3_6-100per_12-66per	13	2	11:21:30	1	3	3	3	2355
3_6-100per_12-66per	13	2	11:21:30	0	11	10	4	6464
3_6-100per_12-66per	13	2	11:21:30	1	12	12	5	5132
3_6-100per_12-66per	13	2	11:21:30	1	13	13	6	1625
3_6-100per_12-66per	13	2	11:21:30	1	4	4	7	1055
3_6-100per_12-66per	13	2	11:21:30	1	1	1	8	1029
3_6-100per_12-66per	13	2	11:21:30	1	2	2	9	3926
3_6-100per_12-66per	13	2	11:21:30	0	9	5	10	6372
3_6-100per_12-66per	13	2	11:21:30	1	15	15	11	2017
3_6-100per_12-66per	13	2	11:21:30	1	7	7	12	1802
3_6-100per_12-66per	13	2	11:21:30	1	18	18	13	9298
3_6-100per_12-66per	13	2	11:21:30	0	10	11	14	9194
3_6-100per_12-66per	13	2	11:21:30	1	17	17	15	6682
3_6-100per_12-66per	13	2	11:21:30	1	6	6	16	2429
3_6-100per_12-66per	13	2	11:21:30	1	16	16	17	2225
3_6-100per_12-66per	13	2	11:21:30	1	8	8	18	2177
3_	18	2	12:11:12	1	9	9	1	5573
3_	18	2	12:11:12	1	13	13	2	1921
3_	18	2	12:11:12	1	8	8	3	1882
3_	18	2	12:11:12	1	6	6	4	3222
3_	18	2	12:11:12	1	5	5	5	4358
3_	18	2	12:11:12	1	17	17	6	1907
3_	18	2	12:11:12	1	15	15	7	972
3_	18	2	12:11:12	1	16	16	8	1726
3_	18	2	12:11:12	1	10	10	9	3132
3_	18	2	12:11:12	1	7	7	10	1386
3_	18	2	12:11:12	1	12	12	11	1139
3_	18	2	12:11:12	1	3	3	12	1892
3_	18	2	12:11:12	1	2	2	13	3851
3_	18	2	12:11:12	1	4	4	14	2044
3_	18	2	12:11:12	1	11	11	15	5562
3_	18	2	12:11:12	1	14	14	16	4116
3_	18	2	12:11:12	1	18	18	17	3141
3_	18	2	12:11:12	1	1	1	18	2830
3_	23	3	13:00:39	1	15	15	1	1377
3_	23	3	13:00:39	0	18	5	2	9591
3_	23	3	13:00:39	0	5	18	3	4456
3_	23	3	13:00:39	1	1	1	4	1326
3_	23	3	13:00:39	1	11	11	5	11162
3_	23	3	13:00:39	1	4	4	6	1457
3_	23	3	13:00:39	0	17	7	7	2596
3_	23	3	13:00:39	0	6	9	8	6291
3_	23	3	13:00:39	1	12	12	9	3067
3_	23	3	13:00:39	0	2	13	10	1482
3_	23	3	13:00:39	1	7	7	11	1407
3_	23	3	13:00:39	1	16	16	12	3530
3_	23	3	13:00:39	0	14	10	13	12503
3_	23	3	13:00:39	1	8	8	14	1794
3_	23	3	13:00:39	0	9	6	15	3864
3_	23	3	13:00:39	1	10	10	16	2709
3_	23	3	13:00:39	0	13	2	17	7353
3_	23	3	13:00:39	1	3	3	18	3860
3_6-100per_12-66per	8	3	11:18:18	0	4	5	1	5568
3_6-100per_12-66per	8	3	11:18:18	1	8	8	2	2528
3_6-100per_12-66per	8	3	11:18:18	1	2	2	3	2430
3_6-100per_12-66per	8	3	11:18:18	0	17	18	4	9241
3_6-100per_12-66per	8	3	11:18:18	1	12	12	5	1611
3_6-100per_12-66per	8	3	11:18:18	1	15	15	6	1549
3_6-100per_12-66per	8	3	11:18:18	0	5	4	7	1499
3_6-100per_12-66per	8	3	11:18:18	1	14	14	8	3877
3_6-100per_12-66per	8	3	11:18:18	0	11	6	9	15473
3_6-100per_12-66per	8	3	11:18:18	1	16	16	10	1878
3_6-100per_12-66per	8	3	11:18:18	0	9	11	11	4411
3_6-100per_12-66per	8	3	11:18:18	0	18	9	12	10917
3_6-100per_12-66per	8	3	11:18:18	1	10	10	13	3301
3_6-100per_12-66per	8	3	11:18:18	1	13	13	14	6545
3_6-100per_12-66per	8	3	11:18:18	0	6	3	15	10466
3_6-100per_12-66per	8	3	11:18:18	1	3	3	16	2233
3_6-100per_12-66per	8	3	11:18:18	1	7	7	17	1948
3_6-100per_12-66per	8	3	11:18:18	1	1	1	18	1992
3_6-100per_12-66per	13	1	11:12:00	0	12	11	1	11838
3_6-100per_12-66per	13	1	11:12:00	1	16	16	2	5265
3_6-100per_12-66per	13	1	11:12:00	0	7	17	3	6587
3_6-100per_12-66per	13	1	11:12:00	1	8	8	4	1654
3_6-100per_12-66per	13	1	11:12:00	0	18	4	5	5994
3_6-100per_12-66per	13	1	11:12:00	1	3	3	6	1772
3_6-100per_12-66per	13	1	11:12:00	1	9	9	7	8305
3_6-100per_12-66per	13	1	11:12:00	0	6	7	8	10565
3_6-100per_12-66per	13	1	11:12:00	1	2	2	9	1774
3_6-100per_12-66per	13	1	11:12:00	0	17	1	10	3676
3_6-100per_12-66per	13	1	11:12:00	0	15	18	11	10956
3_6-100per_12-66per	13	1	11:12:00	1	5	5	12	3549
3_6-100per_12-66per	13	1	11:12:00	0	13	6	13	2839
3_6-100per_12-66per	13	1	11:12:00	0	10	15	14	3354
3_6-100per_12-66per	13	1	11:12:00	0	1	12	15	3189
3_6-100per_12-66per	13	1	11:12:00	0	11	10	16	14479
3_6-100per_12-66per	13	1	11:12:00	0	4	11	17	11612
3_6-100per_12-66per	13	1	11:12:00	1	14	14	18	2013
4_	18	1	11:55:03	0	16	18	1	16075
4_	18	1	11:55:03	0	18	4	2	8131
4_	18	1	11:55:03	1	5	5	3	9150
4_	18	1	11:55:03	1	12	12	4	1651
4_	18	1	11:55:03	0	11	13	5	2974
4_	18	1	11:55:03	1	6	6	6	2712
4_	18	1	11:55:03	0	17	1	7	10395
4_	18	1	11:55:03	0	10	1	8	6780
4_	18	1	11:55:03	1	3	3	9	3256
4_	18	1	11:55:03	1	15	15	10	2340
4_	18	1	11:55:03	1	8	8	11	1951
4_	18	1	11:55:03	1	2	2	12	3539
4_	18	1	11:55:03	1	7	7	13	3451
4_	18	1	11:55:03	0	13	9	14	10555
4_	18	1	11:55:03	0	4	16	15	1335
4_	18	1	11:55:03	1	14	14	16	9313
4_	18	1	11:55:03	1	9	9	17	6121
4_	18	1	11:55:03	1	1	1	18	1771
4_	23	4	13:08:26	1	15	15	1	6633
4_	23	4	13:08:26	0	10	14	2	5742
4_	23	4	13:08:26	0	5	10	3	8660
4_	23	4	13:08:26	1	11	11	4	1359
4_	23	4	13:08:26	1	7	7	5	2458
4_	23	4	13:08:26	1	17	17	6	8365
4_	23	4	13:08:26	1	1	1	7	1854
4_	23	4	13:08:26	1	16	16	8	3929
4_	23	4	13:08:26	0	3	13	9	5391
4_	23	4	13:08:26	1	4	4	10	14297
4_	23	4	13:08:26	1	18	18	11	1990
4_	23	4	13:08:26	1	6	6	12	1907
4_	23	4	13:08:26	0	13	3	13	4270
4_	23	4	13:08:26	1	8	8	14	2005
4_	23	4	13:08:26	1	12	12	15	3532
4_	23	4	13:08:26	0	2	14	16	8024
4_	23	4	13:08:26	1	9	9	17	6928
4_	23	4	13:08:26	0	14	13	18	12709
3_6-100per_12-66per	3	4	10:38:13	0	4	17	1	1809
3_6-100per_12-66per	3	4	10:38:13	0	18	16	2	1031
3_6-100per_12-66per	3	4	10:38:13	0	17	15	3	3744
3_6-100per_12-66per	3	4	10:38:13	0	16	3	4	3857
3_6-100per_12-66per	3	4	10:38:13	0	15	10	5	3171
3_6-100per_12-66per	3	4	10:38:13	1	8	8	6	6873
3_6-100per_12-66per	3	4	10:38:13	0	2	9	7	3408
3_6-100per_12-66per	3	4	10:38:13	1	1	1	8	2620
3_6-100per_12-66per	3	4	10:38:13	0	6	7	9	2202
3_6-100per_12-66per	3	4	10:38:13	0	13	6	10	3968
3_6-100per_12-66per	3	4	10:38:13	0	14	11	11	2026
3_6-100per_12-66per	3	4	10:38:13	0	11	7	12	3762
3_6-100per_12-66per	3	4	10:38:13	0	10	2	13	2258
3_6-100per_12-66per	3	4	10:38:13	0	7	4	14	1334
3_6-100per_12-66per	3	4	10:38:13	0	12	14	15	5351
3_6-100per_12-66per	3	4	10:38:13	0	5	15	16	3092
3_6-100per_12-66per	3	4	10:38:13	0	9	18	17	4572
3_6-100per_12-66per	3	4	10:38:13	0	3	7	18	1881
3_6-100per_12-66per	8	4	11:26:41	0	5	3	1	3992
3_6-100per_12-66per	8	4	11:26:41	1	12	12	2	7337
3_6-100per_12-66per	8	4	11:26:41	0	8	7	3	4282
3_6-100per_12-66per	8	4	11:26:41	1	6	6	4	7272
3_6-100per_12-66per	8	4	11:26:41	1	14	14	5	2645
3_6-100per_12-66per	8	4	11:26:41	0	10	2	6	8876
3_6-100per_12-66per	8	4	11:26:41	0	16	11	7	2828
3_6-100per_12-66per	8	4	11:26:41	1	17	17	8	7051
3_6-100per_12-66per	8	4	11:26:41	0	3	13	9	3665
3_6-100per_12-66per	8	4	11:26:41	1	15	15	10	2457
3_6-100per_12-66per	8	4	11:26:41	0	11	2	11	7198
3_6-100per_12-66per	8	4	11:26:41	0	2	8	12	10605
3_6-100per_12-66per	8	4	11:26:41	0	9	1	13	4250
3_6-100per_12-66per	8	4	11:26:41	0	13	9	14	13281
3_6-100per_12-66per	8	4	11:26:41	1	4	4	15	8436
3_6-100per_12-66per	8	4	11:26:41	0	1	18	16	7029
3_6-100per_12-66per	8	4	11:26:41	0	18	11	17	2376
3_6-100per_12-66per	8	4	11:26:41	0	7	10	18	6810
1_80per	14	4	11:25:50	1	12	12	1	1362
1_80per	14	4	11:25:50	1	1	1	2	1355
1_80per	14	4	11:25:50	0	13	9	3	6881
1_80per	14	4	11:25:50	0	16	11	4	4854
1_80per	14	4	11:25:50	1	8	8	5	4193
1_80per	14	4	11:25:50	1	5	5	6	3659
1_80per	14	4	11:25:50	1	7	7	7	1568
1_80per	14	4	11:25:50	1	14	14	8	1216
1_80per	14	4	11:25:50	0	15	4	9	15668
1_80per	14	4	11:25:50	1	17	17	10	5619
1_80per	14	4	11:25:50	1	3	3	11	2089
1_80per	14	4	11:25:50	0	9	18	12	4352
1_80per	14	4	11:25:50	1	6	6	13	1832
1_80per	14	4	11:25:50	0	4	17	14	8962
1_80per	14	4	11:25:50	0	18	16	15	2948
1_80per	14	4	11:25:50	1	2	2	16	12096
1_80per	14	4	11:25:50	0	10	13	17	5746
1_80per	14	4	11:25:50	0	11	13	18	1675
1_	19	4	12:17:19	1	12	12	1	926
1_	19	4	12:17:19	1	1	1	2	11087
1_	19	4	12:17:19	1	15	15	3	13787
1_	19	4	12:17:19	1	2	2	4	2708
1_	19	4	12:17:19	1	5	5	5	16618
1_	19	4	12:17:19	1	14	14	6	1515
1_	19	4	12:17:19	0	11	6	7	3781
1_	19	4	12:17:19	1	17	17	8	5075
1_	19	4	12:17:19	1	4	4	9	2329
1_	19	4	12:17:19	1	9	9	10	2952
1_	19	4	12:17:19	0	8	5	11	18845
1_	19	4	12:17:19	1	16	16	12	1866
1_	19	4	12:17:19	1	7	7	13	1401
1_	19	4	12:17:19	1	18	18	14	2241
1_	19	4	12:17:19	1	10	10	15	2861
1_	19	4	12:17:19	1	3	3	16	1985
1_	19	4	12:17:19	1	6	6	17	6562
1_	19	4	12:17:19	1	13	13	18	2156
1_	24	1	12:29:21	0	2	13	1	2895
1_	24	1	12:29:21	0	8	4	2	4535
1_	24	1	12:29:21	1	6	6	3	2477
1_	24	1	12:29:21	0	3	1	4	4457
1_	24	1	12:29:21	0	14	15	5	2579
1_	24	1	12:29:21	0	9	17	6	2001
1_	24	1	12:29:21	1	10	10	7	3024
1_	24	1	12:29:21	0	15	8	8	1999
1_	24	1	12:29:21	0	18	3	9	1631
1_	24	1	12:29:21	0	11	1	10	3945
1_	24	1	12:29:21	0	16	12	11	1923
1_	24	1	12:29:21	0	4	9	12	3868
1_	24	1	12:29:21	0	1	2	13	4795
1_	24	1	12:29:21	0	17	18	14	4329
1_	24	1	12:29:21	0	5	8	15	2191
1_	24	1	12:29:21	1	7	7	16	1305
1_	24	1	12:29:21	0	13	16	17	9534
1_	24	1	12:29:21	0	12	9	18	2234
1_80per	9	1	10:54:05	0	8	7	1	1718
1_80per	9	1	10:54:05	1	12	12	2	1510
1_80per	9	1	10:54:05	1	1	1	3	1460
1_80per	9	1	10:54:05	0	16	13	4	4336
1_80per	9	1	10:54:05	0	6	15	5	5681
1_80per	9	1	10:54:05	0	15	2	6	6215
1_80per	9	1	10:54:05	0	2	13	7	3205
1_80per	9	1	10:54:05	1	10	10	8	2373
1_80per	9	1	10:54:05	0	4	8	9	3331
1_80per	9	1	10:54:05	0	5	3	10	1896
1_80per	9	1	10:54:05	0	14	9	11	3064
1_80per	9	1	10:54:05	0	13	5	12	2189
1_80per	9	1	10:54:05	0	3	12	13	4654
1_80per	9	1	10:54:05	0	9	8	14	1905
1_80per	9	1	10:54:05	0	11	17	15	1927
1_80per	9	1	10:54:05	0	7	15	16	1171
1_80per	9	1	10:54:05	0	18	13	17	2753
1_80per	9	1	10:54:05	0	17	16	18	6578
2_12-100per_6-50per	14	3	11:16:32	1	11	11	1	4005
2_12-100per_6-50per	14	3	11:16:32	1	3	3	2	2278
2_12-100per_6-50per	14	3	11:16:32	0	7	5	3	7117
2_12-100per_6-50per	14	3	11:16:32	0	1	7	4	3127
2_12-100per_6-50per	14	3	11:16:32	0	8	4	5	4899
2_12-100per_6-50per	14	3	11:16:32	0	10	15	6	7307
2_12-100per_6-50per	14	3	11:16:32	0	14	18	7	8696
2_12-100per_6-50per	14	3	11:16:32	0	4	15	8	26760
2_12-100per_6-50per	14	3	11:16:32	0	6	2	9	1768
2_12-100per_6-50per	14	3	11:16:32	1	2	2	10	2450
2_12-100per_6-50per	14	3	11:16:32	0	17	10	11	3571
2_12-100per_6-50per	14	3	11:16:32	1	9	9	12	1992
2_12-100per_6-50per	14	3	11:16:32	0	5	1	13	9875
2_12-100per_6-50per	14	3	11:16:32	1	16	16	14	8451
2_12-100per_6-50per	14	3	11:16:32	0	13	10	15	18648
2_12-100per_6-50per	14	3	11:16:32	0	12	6	16	9870
2_12-100per_6-50per	14	3	11:16:32	0	18	4	17	5895
2_12-100per_6-50per	14	3	11:16:32	0	15	6	18	6224
2_	19	3	12:09:37	0	15	7	1	1492
2_	19	3	12:09:37	0	18	15	2	1357
2_	19	3	12:09:37	1	9	9	3	2731
2_	19	3	12:09:37	1	8	8	4	1672
2_	19	3	12:09:37	1	1	1	5	2887
2_	19	3	12:09:37	1	7	7	6	4468
2_	19	3	12:09:37	0	5	1	7	2956
2_	19	3	12:09:37	1	13	13	8	2778
2_	19	3	12:09:37	0	6	18	9	2463
2_	19	3	12:09:37	0	10	17	10	14827
2_	19	3	12:09:37	0	12	6	11	9249
2_	19	3	12:09:37	1	2	2	12	3417
2_	19	3	12:09:37	0	16	12	13	1963
2_	19	3	12:09:37	1	11	11	14	6205
2_	19	3	12:09:37	1	3	3	15	4226
2_	19	3	12:09:37	1	17	17	16	12610
2_	19	3	12:09:37	0	14	5	17	3876
2_	19	3	12:09:37	0	4	6	18	2636
2_	24	2	12:38:13	0	8	1	1	4946
2_	24	2	12:38:13	1	12	12	2	4463
2_	24	2	12:38:13	0	4	16	3	4694
2_	24	2	12:38:13	1	7	7	4	1543
2_	24	2	12:38:13	1	3	3	5	1775
2_	24	2	12:38:13	0	6	10	6	6613
2_	24	2	12:38:13	0	1	17	7	4327
2_	24	2	12:38:13	0	14	11	8	3068
2_	24	2	12:38:13	1	15	15	9	6468
2_	24	2	12:38:13	1	2	2	10	1789
2_	24	2	12:38:13	1	5	5	11	7879
2_	24	2	12:38:13	0	11	4	12	3763
2_	24	2	12:38:13	0	18	16	13	5020
2_	24	2	12:38:13	0	17	14	14	2283
2_	24	2	12:38:13	1	9	9	15	1734
2_	24	2	12:38:13	0	16	11	16	3924
2_	24	2	12:38:13	0	10	8	17	7896
2_	24	2	12:38:13	1	13	13	18	1631
2_12-100per_6-50per	3	1	10:09:28	0	5	8	1	2304
2_12-100per_6-50per	3	1	10:09:28	0	16	14	2	2852
2_12-100per_6-50per	3	1	10:09:28	0	2	10	3	2843
2_12-100per_6-50per	3	1	10:09:28	0	3	2	4	1691
2_12-100per_6-50per	3	1	10:09:28	0	7	5	5	2426
2_12-100per_6-50per	3	1	10:09:28	0	6	11	6	4451
2_12-100per_6-50per	3	1	10:09:28	0	18	1	7	2162
2_12-100per_6-50per	3	1	10:09:28	0	12	3	8	1980
2_12-100per_6-50per	3	1	10:09:28	0	11	12	9	6857
2_12-100per_6-50per	3	1	10:09:28	0	15	4	10	3341
2_12-100per_6-50per	3	1	10:09:28	0	14	7	11	3582
2_12-100per_6-50per	3	1	10:09:28	0	8	13	12	9303
2_12-100per_6-50per	3	1	10:09:28	0	10	14	13	1395
2_12-100per_6-50per	3	1	10:09:28	0	13	5	14	4274
2_12-100per_6-50per	3	1	10:09:28	0	4	11	15	1802
2_12-100per_6-50per	3	1	10:09:28	0	9	7	16	1961
2_12-100per_6-50per	3	1	10:09:28	0	17	9	17	2177
2_12-100per_6-50per	3	1	10:09:28	0	1	15	18	1528
2_12-100per_6-50per	9	2	11:01:54	1	13	13	1	3334
2_12-100per_6-50per	9	2	11:01:54	0	11	1	2	4514
2_12-100per_6-50per	9	2	11:01:54	1	12	12	3	1665
2_12-100per_6-50per	9	2	11:01:54	0	10	15	4	4745
2_12-100per_6-50per	9	2	11:01:54	1	3	3	5	1972
2_12-100per_6-50per	9	2	11:01:54	0	18	4	6	6073
2_12-100per_6-50per	9	2	11:01:54	0	6	9	7	1816
2_12-100per_6-50per	9	2	11:01:54	1	17	17	8	2060
2_12-100per_6-50per	9	2	11:01:54	1	8	8	9	2304
2_12-100per_6-50per	9	2	11:01:54	0	7	10	10	1412
2_12-100per_6-50per	9	2	11:01:54	0	5	6	11	6888
2_12-100per_6-50per	9	2	11:01:54	0	2	5	12	1618
2_12-100per_6-50per	9	2	11:01:54	0	16	15	13	1706
2_12-100per_6-50per	9	2	11:01:54	0	1	7	14	6703
2_12-100per_6-50per	9	2	11:01:54	0	15	1	15	1412
2_12-100per_6-50per	9	2	11:01:54	0	9	5	16	1100
2_12-100per_6-50per	9	2	11:01:54	0	14	5	17	1345
2_12-100per_6-50per	9	2	11:01:54	1	4	4	18	2675
3_6-100per_12-66per	14	2	11:08:15	0	7	12	1	9189
3_6-100per_12-66per	14	2	11:08:15	0	5	9	2	9895
3_6-100per_12-66per	14	2	11:08:15	1	10	10	3	5487
3_6-100per_12-66per	14	2	11:08:15	0	9	5	4	14603
3_6-100per_12-66per	14	2	11:08:15	0	8	5	5	6369
3_6-100per_12-66per	14	2	11:08:15	1	3	3	6	1757
3_6-100per_12-66per	14	2	11:08:15	1	4	4	7	2751
3_6-100per_12-66per	14	2	11:08:15	0	2	13	8	2367
3_6-100per_12-66per	14	2	11:08:15	1	18	18	9	3935
3_6-100per_12-66per	14	2	11:08:15	1	11	11	10	2885
3_6-100per_12-66per	14	2	11:08:15	0	15	1	11	12568
3_6-100per_12-66per	14	2	11:08:15	1	6	6	12	8336
3_6-100per_12-66per	14	2	11:08:15	1	16	16	13	1841
3_6-100per_12-66per	14	2	11:08:15	0	1	10	14	2323
3_6-100per_12-66per	14	2	11:08:15	0	13	2	15	3643
3_6-100per_12-66per	14	2	11:08:15	0	12	1	16	5443
3_6-100per_12-66per	14	2	11:08:15	0	14	15	17	5170
3_6-100per_12-66per	14	2	11:08:15	0	17	9	18	7422
3_	19	2	12:01:32	1	8	8	1	4268
3_	19	2	12:01:32	0	15	7	2	6275
3_	19	2	12:01:32	0	17	18	3	6051
3_	19	2	12:01:32	0	16	11	4	5723
3_	19	2	12:01:32	0	9	5	5	5012
3_	19	2	12:01:32	0	13	18	6	3558
3_	19	2	12:01:32	0	11	17	7	10236
3_	19	2	12:01:32	1	4	4	8	1727
3_	19	2	12:01:32	0	1	11	9	10531
3_	19	2	12:01:32	0	7	12	10	1486
3_	19	2	12:01:32	0	5	6	11	3299
3_	19	2	12:01:32	1	10	10	12	12165
3_	19	2	12:01:32	0	6	15	13	5519
3_	19	2	12:01:32	1	2	2	14	2235
3_	19	2	12:01:32	0	12	9	15	8031
3_	19	2	12:01:32	1	14	14	16	5889
3_	19	2	12:01:32	0	18	17	17	4075
3_	19	2	12:01:32	1	3	3	18	2033
3_	24	3	12:46:08	0	16	18	1	3993
3_	24	3	12:46:08	0	6	15	2	3003
3_	24	3	12:46:08	0	12	1	3	2195
3_	24	3	12:46:08	0	9	3	4	8240
3_	24	3	12:46:08	0	1	15	5	2042
3_	24	3	12:46:08	1	8	8	6	1562
3_	24	3	12:46:08	1	4	4	7	1476
3_	24	3	12:46:08	0	18	14	8	3848
3_	24	3	12:46:08	0	14	16	9	4988
3_	24	3	12:46:08	0	15	9	10	4401
3_	24	3	12:46:08	0	11	2	11	3304
3_	24	3	12:46:08	1	17	17	12	1797
3_	24	3	12:46:08	0	10	11	13	6738
3_	24	3	12:46:08	0	5	12	14	2092
3_	24	3	12:46:08	0	3	13	15	2628
3_	24	3	12:46:08	0	7	9	16	4147
3_	24	3	12:46:08	0	13	7	17	4573
3_	24	3	12:46:08	0	2	3	18	2266
3_6-100per_12-66per	2	3	10:18:05	0	6	3	1	4062
3_6-100per_12-66per	2	3	10:18:05	1	5	5	2	1536
3_6-100per_12-66per	2	3	10:18:05	0	12	14	3	1930
3_6-100per_12-66per	2	3	10:18:05	0	11	18	4	1791
3_6-100per_12-66per	2	3	10:18:05	0	15	8	5	1442
3_6-100per_12-66per	2	3	10:18:05	0	1	15	6	1583
3_6-100per_12-66per	2	3	10:18:05	0	8	3	7	1665
3_6-100per_12-66per	2	3	10:18:05	0	9	10	8	3171
3_6-100per_12-66per	2	3	10:18:05	0	3	9	9	2593
3_6-100per_12-66per	2	3	10:18:05	0	4	8	10	4499
3_6-100per_12-66per	2	3	10:18:05	0	17	16	11	4187
3_6-100per_12-66per	2	3	10:18:05	0	2	13	12	1645
3_6-100per_12-66per	2	3	10:18:05	0	10	1	13	3572
3_6-100per_12-66per	2	3	10:18:05	0	18	2	14	2145
3_6-100per_12-66per	2	3	10:18:05	0	13	7	15	1636
3_6-100per_12-66per	2	3	10:18:05	0	14	1	16	1496
3_6-100per_12-66per	2	3	10:18:05	0	7	2	17	4702
3_6-100per_12-66per	2	3	10:18:05	1	16	16	18	2115
3_6-100per_12-66per	9	3	11:09:21	0	13	11	1	3196
3_6-100per_12-66per	9	3	11:09:21	0	9	14	2	1857
3_6-100per_12-66per	9	3	11:09:21	0	16	9	3	1195
3_6-100per_12-66per	9	3	11:09:21	0	18	7	4	5988
3_6-100per_12-66per	9	3	11:09:21	0	12	17	5	2798
3_6-100per_12-66per	9	3	11:09:21	0	15	3	6	1819
3_6-100per_12-66per	9	3	11:09:21	1	6	6	7	1796
3_6-100per_12-66per	9	3	11:09:21	0	10	5	8	2507
3_6-100per_12-66per	9	3	11:09:21	0	4	1	9	1376
3_6-100per_12-66per	9	3	11:09:21	1	17	17	10	5950
3_6-100per_12-66per	9	3	11:09:21	0	11	7	11	2346
3_6-100per_12-66per	9	3	11:09:21	0	7	9	12	2003
3_6-100per_12-66per	9	3	11:09:21	0	5	12	13	1922
3_6-100per_12-66per	9	3	11:09:21	0	8	6	14	3956
3_6-100per_12-66per	9	3	11:09:21	0	3	7	15	1704
3_6-100per_12-66per	9	3	11:09:21	0	1	15	16	2213
3_6-100per_12-66per	9	3	11:09:21	1	2	2	17	4007
3_6-100per_12-66per	9	3	11:09:21	0	14	8	18	1923
3_6-100per_12-66per	14	1	10:58:18	0	7	4	1	11913
3_6-100per_12-66per	14	1	10:58:18	0	13	11	2	18847
3_6-100per_12-66per	14	1	10:58:18	0	11	15	3	11129
3_6-100per_12-66per	14	1	10:58:18	1	17	17	4	17572
3_6-100per_12-66per	14	1	10:58:18	1	5	5	5	7208
3_6-100per_12-66per	14	1	10:58:18	1	18	18	6	1636
3_6-100per_12-66per	14	1	10:58:18	0	16	6	7	6934
3_6-100per_12-66per	14	1	10:58:18	0	10	1	8	4772
3_6-100per_12-66per	14	1	10:58:18	0	14	7	9	9633
3_6-100per_12-66per	14	1	10:58:18	0	3	14	10	6828
3_6-100per_12-66per	14	1	10:58:18	0	12	16	11	13619
3_6-100per_12-66per	14	1	10:58:18	0	4	6	12	7218
3_6-100per_12-66per	14	1	10:58:18	0	6	3	13	18087
3_6-100per_12-66per	14	1	10:58:18	0	2	6	14	11019
3_6-100per_12-66per	14	1	10:58:18	0	9	4	15	4865
3_6-100per_12-66per	14	1	10:58:18	0	15	13	16	5753
3_6-100per_12-66per	14	1	10:58:18	1	8	8	17	1918
3_6-100per_12-66per	14	1	10:58:18	0	1	10	18	12687
4_	19	1	11:43:29	0	18	6	1	19328
4_	19	1	11:43:29	1	7	7	2	3275
4_	19	1	11:43:29	1	12	12	3	1323
4_	19	1	11:43:29	1	17	17	4	10060
4_	19	1	11:43:29	1	9	9	5	2056
4_	19	1	11:43:29	0	10	16	6	1995
4_	19	1	11:43:29	1	15	15	7	1464
4_	19	1	11:43:29	1	16	16	8	3260
4_	19	1	11:43:29	0	4	10	9	9041
4_	19	1	11:43:29	1	13	13	10	2044
4_	19	1	11:43:29	0	6	18	11	5730
4_	19	1	11:43:29	1	8	8	12	1399
4_	19	1	11:43:29	1	5	5	13	4071
4_	19	1	11:43:29	1	2	2	14	1549
4_	19	1	11:43:29	1	11	11	15	1275
4_	19	1	11:43:29	1	1	1	16	1706
4_	19	1	11:43:29	1	14	14	17	14231
4_	19	1	11:43:29	0	3	6	18	3874
4_	24	4	12:54:00	0	18	4	1	8837
4_	24	4	12:54:00	0	1	9	2	2639
4_	24	4	12:54:00	1	13	13	3	3027
4_	24	4	12:54:00	0	10	15	4	3225
4_	24	4	12:54:00	0	8	18	5	2745
4_	24	4	12:54:00	0	5	8	6	2370
4_	24	4	12:54:00	0	15	7	7	2780
4_	24	4	12:54:00	0	3	12	8	2608
4_	24	4	12:54:00	0	4	3	9	2189
4_	24	4	12:54:00	0	11	14	10	2598
4_	24	4	12:54:00	0	12	5	11	2781
4_	24	4	12:54:00	0	9	6	12	8700
4_	24	4	12:54:00	0	2	6	13	3500
4_	24	4	12:54:00	0	6	11	14	2068
4_	24	4	12:54:00	1	16	16	15	1468
4_	24	4	12:54:00	0	14	7	16	7971
4_	24	4	12:54:00	0	17	4	17	11968
4_	24	4	12:54:00	0	7	12	18	3883
3_6-100per_12-66per	9	4	11:16:44	0	13	3	1	7239
3_6-100per_12-66per	9	4	11:16:44	1	18	18	2	3338
3_6-100per_12-66per	9	4	11:16:44	0	3	10	3	2891
3_6-100per_12-66per	9	4	11:16:44	0	7	13	4	1820
3_6-100per_12-66per	9	4	11:16:44	0	8	17	5	6820
3_6-100per_12-66per	9	4	11:16:44	0	9	16	6	5418
3_6-100per_12-66per	9	4	11:16:44	0	10	2	7	1849
3_6-100per_12-66per	9	4	11:16:44	0	5	7	8	5567
3_6-100per_12-66per	9	4	11:16:44	0	14	5	9	2353
3_6-100per_12-66per	9	4	11:16:44	0	17	1	10	2830
3_6-100per_12-66per	9	4	11:16:44	1	1	1	11	6530
3_6-100per_12-66per	9	4	11:16:44	1	6	6	12	3542
3_6-100per_12-66per	9	4	11:16:44	1	11	11	13	1806
3_6-100per_12-66per	9	4	11:16:44	1	4	4	14	4988
3_6-100per_12-66per	9	4	11:16:44	0	12	14	15	5173
3_6-100per_12-66per	9	4	11:16:44	0	15	3	16	5698
3_6-100per_12-66per	9	4	11:16:44	0	2	10	17	2971
3_6-100per_12-66per	9	4	11:16:44	1	16	16	18	1874
1_80per	12	4	11:27:18	1	13	13	1	4278
1_80per	12	4	11:27:18	1	1	1	2	1834
1_80per	12	4	11:27:18	1	3	3	3	2596
1_80per	12	4	11:27:18	1	9	9	4	4611
1_80per	12	4	11:27:18	0	6	15	5	7453
1_80per	12	4	11:27:18	1	12	12	6	3559
1_80per	12	4	11:27:18	1	10	10	7	2426
1_80per	12	4	11:27:18	1	7	7	8	1525
1_80per	12	4	11:27:18	0	5	17	9	6568
1_80per	12	4	11:27:18	1	8	8	10	3023
1_80per	12	4	11:27:18	0	15	6	11	8687
1_80per	12	4	11:27:18	1	11	11	12	5099
1_80per	12	4	11:27:18	1	18	18	13	9460
1_80per	12	4	11:27:18	1	2	2	14	4870
1_80per	12	4	11:27:18	1	14	14	15	2070
1_80per	12	4	11:27:18	1	16	16	16	4396
1_80per	12	4	11:27:18	1	4	4	17	3212
1_80per	12	4	11:27:18	1	17	17	18	5406
1_	17	4	12:17:32	0	9	18	1	15271
1_	17	4	12:17:32	1	2	2	2	4778
1_	17	4	12:17:32	1	10	10	3	1371
1_	17	4	12:17:32	1	5	5	4	11738
1_	17	4	12:17:32	1	11	11	5	1969
1_	17	4	12:17:32	1	1	1	6	2996
1_	17	4	12:17:32	0	4	7	7	3312
1_	17	4	12:17:32	1	14	14	8	1571
1_	17	4	12:17:32	0	6	17	9	3663
1_	17	4	12:17:32	0	12	9	10	1987
1_	17	4	12:17:32	1	13	13	11	2102
1_	17	4	12:17:32	0	8	15	12	8163
1_	17	4	12:17:32	0	18	9	13	2923
1_	17	4	12:17:32	1	3	3	14	3078
1_	17	4	12:17:32	1	16	16	15	4064
1_	17	4	12:17:32	0	17	12	16	6459
1_	17	4	12:17:32	0	15	12	17	1887
1_	17	4	12:17:32	1	7	7	18	2133
1_	22	1	12:34:34	0	17	6	1	11648
1_	22	1	12:34:34	0	3	18	2	8409
1_	22	1	12:34:34	0	4	7	3	2690
1_	22	1	12:34:34	0	16	8	4	7706
1_	22	1	12:34:34	1	8	8	5	11103
1_	22	1	12:34:34	0	18	13	6	4260
1_	22	1	12:34:34	0	2	13	7	4535
1_	22	1	12:34:34	0	14	3	8	4106
1_	22	1	12:34:34	0	9	5	9	3304
1_	22	1	12:34:34	0	15	11	10	10716
1_	22	1	12:34:34	0	12	16	11	12332
1_	22	1	12:34:34	1	7	7	12	3870
1_	22	1	12:34:34	0	10	15	13	7417
1_	22	1	12:34:34	0	6	15	14	4771
1_	22	1	12:34:34	0	11	14	15	3665
1_	22	1	12:34:34	0	1	9	16	4020
1_	22	1	12:34:34	0	13	10	17	1475
1_	22	1	12:34:34	0	5	9	18	3346
1_	26	4	13:45:08	0	6	18	1	12212
1_	26	4	13:45:08	0	3	17	2	12469
1_	26	4	13:45:08	0	13	2	3	5964
1_	26	4	13:45:08	1	10	10	4	2004
1_	26	4	13:45:08	0	9	13	5	2438
1_	26	4	13:45:08	0	2	6	6	4756
1_	26	4	13:45:08	1	12	12	7	1452
1_	26	4	13:45:08	0	16	14	8	2012
1_	26	4	13:45:08	1	11	11	9	1831
1_	26	4	13:45:08	0	15	1	10	2291
1_	26	4	13:45:08	0	17	8	11	2243
1_	26	4	13:45:08	1	4	4	12	1610
1_	26	4	13:45:08	1	7	7	13	1596
1_	26	4	13:45:08	1	14	14	14	1562
1_	26	4	13:45:08	1	5	5	15	2789
1_	26	4	13:45:08	0	8	9	16	1567
1_	26	4	13:45:08	0	18	16	17	2415
1_	26	4	13:45:08	0	1	15	18	1636
1_80per	4	1	10:06:52	0	7	4	1	3165
1_80per	4	1	10:06:52	1	8	8	2	3008
1_80per	4	1	10:06:52	0	12	4	3	7667
1_80per	4	1	10:06:52	0	16	9	4	4706
1_80per	4	1	10:06:52	0	4	1	5	4478
1_80per	4	1	10:06:52	1	3	3	6	4449
1_80per	4	1	10:06:52	1	5	5	7	3585
1_80per	4	1	10:06:52	0	2	13	8	6132
1_80per	4	1	10:06:52	0	1	7	9	3193
1_80per	4	1	10:06:52	0	11	18	10	3564
1_80per	4	1	10:06:52	0	15	17	11	7756
1_80per	4	1	10:06:52	0	9	16	12	1841
1_80per	4	1	10:06:52	0	10	14	13	2757
1_80per	4	1	10:06:52	0	6	2	14	2978
1_80per	4	1	10:06:52	0	14	11	15	8425
1_80per	4	1	10:06:52	0	13	9	16	3550
1_80per	4	1	10:06:52	0	18	10	17	1015
1_80per	4	1	10:06:52	0	17	14	18	3354
1_80per	7	1	10:47:57	0	11	4	1	7440
1_80per	7	1	10:47:57	1	1	1	2	1819
1_80per	7	1	10:47:57	0	13	8	3	9562
1_80per	7	1	10:47:57	0	16	14	4	1626
1_80per	7	1	10:47:57	1	8	8	5	3977
1_80per	7	1	10:47:57	0	10	13	6	8888
1_80per	7	1	10:47:57	0	18	11	7	5448
1_80per	7	1	10:47:57	0	4	17	8	1478
1_80per	7	1	10:47:57	0	12	3	9	2932
1_80per	7	1	10:47:57	0	3	4	10	4880
1_80per	7	1	10:47:57	0	9	6	11	2414
1_80per	7	1	10:47:57	0	5	18	12	3079
1_80per	7	1	10:47:57	1	7	7	13	1242
1_80per	7	1	10:47:57	0	14	9	14	3803
1_80per	7	1	10:47:57	0	17	11	15	2176
1_80per	7	1	10:47:57	0	15	2	16	6399
1_80per	7	1	10:47:57	0	6	15	17	3236
1_80per	7	1	10:47:57	0	2	5	18	6696
2_12-100per_6-50per	12	3	11:19:42	1	1	1	1	2828
2_12-100per_6-50per	12	3	11:19:42	1	14	14	2	1684
2_12-100per_6-50per	12	3	11:19:42	1	6	6	3	15295
2_12-100per_6-50per	12	3	11:19:42	1	4	4	4	2047
2_12-100per_6-50per	12	3	11:19:42	1	12	12	5	3767
2_12-100per_6-50per	12	3	11:19:42	1	5	5	6	1633
2_12-100per_6-50per	12	3	11:19:42	1	3	3	7	3987
2_12-100per_6-50per	12	3	11:19:42	1	10	10	8	4278
2_12-100per_6-50per	12	3	11:19:42	1	7	7	9	1529
2_12-100per_6-50per	12	3	11:19:42	1	16	16	10	1990
2_12-100per_6-50per	12	3	11:19:42	1	9	9	11	2362
2_12-100per_6-50per	12	3	11:19:42	1	17	17	12	7290
2_12-100per_6-50per	12	3	11:19:42	1	2	2	13	8067
2_12-100per_6-50per	12	3	11:19:42	1	15	15	14	1730
2_12-100per_6-50per	12	3	11:19:42	1	18	18	15	7424
2_12-100per_6-50per	12	3	11:19:42	1	11	11	16	2086
2_12-100per_6-50per	12	3	11:19:42	1	8	8	17	1570
2_12-100per_6-50per	12	3	11:19:42	1	13	13	18	5884
2_	17	3	12:09:54	1	12	12	1	2697
2_	17	3	12:09:54	1	7	7	2	2186
2_	17	3	12:09:54	0	11	17	3	8476
2_	17	3	12:09:54	0	18	13	4	8287
2_	17	3	12:09:54	0	5	3	5	1892
2_	17	3	12:09:54	0	3	2	6	3275
2_	17	3	12:09:54	0	14	8	7	3004
2_	17	3	12:09:54	0	17	6	8	6289
2_	17	3	12:09:54	0	15	4	9	5427
2_	17	3	12:09:54	0	8	10	10	5984
2_	17	3	12:09:54	0	6	13	11	3454
2_	17	3	12:09:54	1	9	9	12	7758
2_	17	3	12:09:54	0	10	18	13	3380
2_	17	3	12:09:54	0	13	16	14	4633
2_	17	3	12:09:54	0	4	1	15	1764
2_	17	3	12:09:54	0	1	14	16	4838
2_	17	3	12:09:54	0	2	5	17	3386
2_	17	3	12:09:54	0	16	11	18	2641
2_	22	2	12:44:34	0	5	16	1	9094
2_	22	2	12:44:34	0	2	6	2	9085
2_	22	2	12:44:34	0	10	13	3	7816
2_	22	2	12:44:34	0	8	17	4	5708
2_	22	2	12:44:34	1	13	13	5	3679
2_	22	2	12:44:34	1	3	3	6	2660
2_	22	2	12:44:34	0	6	5	7	2231
2_	22	2	12:44:34	1	15	15	8	2209
2_	22	2	12:44:34	0	11	9	9	9821
2_	22	2	12:44:34	0	1	11	10	6496
2_	22	2	12:44:34	0	17	12	11	4110
2_	22	2	12:44:34	1	7	7	12	1312
2_	22	2	12:44:34	0	14	6	13	4237
2_	22	2	12:44:34	0	12	6	14	5223
2_	22	2	12:44:34	0	9	16	15	3798
2_	22	2	12:44:34	0	16	18	16	1917
2_	22	2	12:44:34	0	4	10	17	5974
2_	22	2	12:44:34	0	18	8	18	4890
2_	26	3	13:37:34	0	6	13	1	4760
2_	26	3	13:37:34	0	2	12	2	2923
2_	26	3	13:37:34	1	18	18	3	9355
2_	26	3	13:37:34	0	5	13	4	4641
2_	26	3	13:37:34	1	3	3	5	1728
2_	26	3	13:37:34	1	11	11	6	2869
2_	26	3	13:37:34	0	17	10	7	5758
2_	26	3	13:37:34	1	10	10	8	2081
2_	26	3	13:37:34	1	7	7	9	3877
2_	26	3	13:37:34	1	12	12	10	2890
2_	26	3	13:37:34	0	13	10	11	2093
2_	26	3	13:37:34	1	16	16	12	1171
2_	26	3	13:37:34	1	14	14	13	2305
2_	26	3	13:37:34	0	4	5	14	3862
2_	26	3	13:37:34	0	15	4	15	3956
2_	26	3	13:37:34	0	8	17	16	4782
2_	26	3	13:37:34	1	9	9	17	1171
2_	26	3	13:37:34	0	1	2	18	6434
2_12-100per_6-50per	4	2	10:17:02	0	2	3	1	4556
2_12-100per_6-50per	4	2	10:17:02	0	4	5	2	5562
2_12-100per_6-50per	4	2	10:17:02	0	8	16	3	4323
2_12-100per_6-50per	4	2	10:17:02	0	11	17	4	8168
2_12-100per_6-50per	4	2	10:17:02	0	6	10	5	6753
2_12-100per_6-50per	4	2	10:17:02	1	9	9	6	2366
2_12-100per_6-50per	4	2	10:17:02	1	15	15	7	2001
2_12-100per_6-50per	4	2	10:17:02	0	3	1	8	6205
2_12-100per_6-50per	4	2	10:17:02	1	13	13	9	6091
2_12-100per_6-50per	4	2	10:17:02	0	17	4	10	5212
2_12-100per_6-50per	4	2	10:17:02	0	16	10	11	3999
2_12-100per_6-50per	4	2	10:17:02	1	7	7	12	1669
2_12-100per_6-50per	4	2	10:17:02	0	12	6	13	8646
2_12-100per_6-50per	4	2	10:17:02	1	14	14	14	5324
2_12-100per_6-50per	4	2	10:17:02	0	10	3	15	3241
2_12-100per_6-50per	4	2	10:17:02	0	1	8	16	3353
2_12-100per_6-50per	4	2	10:17:02	0	5	11	17	4743
2_12-100per_6-50per	4	2	10:17:02	0	18	1	18	3168
2_12-100per_6-50per	7	2	10:56:31	0	7	4	1	8242
2_12-100per_6-50per	7	2	10:56:31	0	11	3	2	1915
2_12-100per_6-50per	7	2	10:56:31	0	14	4	3	2349
2_12-100per_6-50per	7	2	10:56:31	0	3	2	4	2561
2_12-100per_6-50per	7	2	10:56:31	0	8	14	5	2571
2_12-100per_6-50per	7	2	10:56:31	0	18	13	6	3440
2_12-100per_6-50per	7	2	10:56:31	0	2	6	7	2639
2_12-100per_6-50per	7	2	10:56:31	0	4	7	8	3577
2_12-100per_6-50per	7	2	10:56:31	0	1	15	9	2879
2_12-100per_6-50per	7	2	10:56:31	0	17	9	10	2513
2_12-100per_6-50per	7	2	10:56:31	0	15	12	11	1306
2_12-100per_6-50per	7	2	10:56:31	0	10	1	12	2462
2_12-100per_6-50per	7	2	10:56:31	0	13	11	13	3475
2_12-100per_6-50per	7	2	10:56:31	0	6	10	14	2379
2_12-100per_6-50per	7	2	10:56:31	0	16	13	15	2433
2_12-100per_6-50per	7	2	10:56:31	0	5	17	16	2882
2_12-100per_6-50per	7	2	10:56:31	0	9	18	17	1577
2_12-100per_6-50per	7	2	10:56:31	0	12	8	18	8910
3_6-100per_12-66per	12	2	11:11:46	0	15	4	1	6384
3_6-100per_12-66per	12	2	11:11:46	1	1	1	2	2804
3_6-100per_12-66per	12	2	11:11:46	1	9	9	3	1850
3_6-100per_12-66per	12	2	11:11:46	0	14	18	4	2544
3_6-100per_12-66per	12	2	11:11:46	0	5	6	5	4681
3_6-100per_12-66per	12	2	11:11:46	0	2	13	6	1805
3_6-100per_12-66per	12	2	11:11:46	0	16	15	7	2072
3_6-100per_12-66per	12	2	11:11:46	0	18	11	8	3400
3_6-100per_12-66per	12	2	11:11:46	1	8	8	9	6350
3_6-100per_12-66per	12	2	11:11:46	0	4	5	10	4684
3_6-100per_12-66per	12	2	11:11:46	0	6	5	11	5064
3_6-100per_12-66per	12	2	11:11:46	0	11	4	12	7635
3_6-100per_12-66per	12	2	11:11:46	1	12	12	13	2639
3_6-100per_12-66per	12	2	11:11:46	0	13	2	14	2065
3_6-100per_12-66per	12	2	11:11:46	1	3	3	15	1498
3_6-100per_12-66per	12	2	11:11:46	1	10	10	16	1633
3_6-100per_12-66per	12	2	11:11:46	0	7	16	17	6027
3_6-100per_12-66per	12	2	11:11:46	1	17	17	18	2762
3_	17	2	12:01:31	0	2	13	1	1866
3_	17	2	12:01:31	0	12	3	2	8306
3_	17	2	12:01:31	0	15	1	3	5133
3_	17	2	12:01:31	1	18	18	4	5994
3_	17	2	12:01:31	1	17	17	5	1816
3_	17	2	12:01:31	1	5	5	6	3915
3_	17	2	12:01:31	0	3	14	7	15739
3_	17	2	12:01:31	1	8	8	8	2332
3_	17	2	12:01:31	0	10	6	9	8272
3_	17	2	12:01:31	0	13	2	10	3184
3_	17	2	12:01:31	0	1	10	11	9540
3_	17	2	12:01:31	0	9	12	12	6195
3_	17	2	12:01:31	0	16	7	13	5193
3_	17	2	12:01:31	0	6	16	14	9611
3_	17	2	12:01:31	0	7	14	15	7197
3_	17	2	12:01:31	1	4	4	16	6733
3_	17	2	12:01:31	0	11	15	17	1734
3_	17	2	12:01:31	0	14	1	18	14286
3_	22	3	12:52:34	1	3	3	1	4929
3_	22	3	12:52:34	1	13	13	2	3759
3_	22	3	12:52:34	1	11	11	3	3209
3_	22	3	12:52:34	0	6	18	4	6283
3_	22	3	12:52:34	0	4	17	5	4176
3_	22	3	12:52:34	1	16	16	6	1541
3_	22	3	12:52:34	0	5	8	7	5375
3_	22	3	12:52:34	0	14	9	8	2636
3_	22	3	12:52:34	0	9	5	9	6760
3_	22	3	12:52:34	1	7	7	10	1177
3_	22	3	12:52:34	0	10	12	11	4742
3_	22	3	12:52:34	0	18	1	12	5023
3_	22	3	12:52:34	1	15	15	13	1495
3_	22	3	12:52:34	0	12	14	14	1788
3_	22	3	12:52:34	0	17	10	15	1876
3_	22	3	12:52:34	1	2	2	16	7466
3_	22	3	12:52:34	0	8	13	17	3081
3_	22	3	12:52:34	0	1	9	18	1949
3_	26	2	13:28:54	0	11	6	1	5272
3_	26	2	13:28:54	1	14	14	2	1834
3_	26	2	13:28:54	1	4	4	3	2763
3_	26	2	13:28:54	0	16	18	4	4919
3_	26	2	13:28:54	1	15	15	5	2086
3_	26	2	13:28:54	0	2	12	6	6299
3_	26	2	13:28:54	0	6	5	7	5114
3_	26	2	13:28:54	0	13	2	8	1983
3_	26	2	13:28:54	1	3	3	9	2714
3_	26	2	13:28:54	0	9	16	10	2424
3_	26	2	13:28:54	0	17	9	11	2832
3_	26	2	13:28:54	1	10	10	12	1564
3_	26	2	13:28:54	0	18	1	13	3839
3_	26	2	13:28:54	1	7	7	14	1354
3_	26	2	13:28:54	0	1	9	15	7711
3_	26	2	13:28:54	0	12	15	16	2155
3_	26	2	13:28:54	0	8	18	17	6600
3_	26	2	13:28:54	0	5	9	18	8079
3_6-100per_12-66per	4	3	10:24:52	0	8	18	1	6735
3_6-100per_12-66per	4	3	10:24:52	0	6	11	2	3796
3_6-100per_12-66per	4	3	10:24:52	0	7	6	3	2322
3_6-100per_12-66per	4	3	10:24:52	1	10	10	4	1402
3_6-100per_12-66per	4	3	10:24:52	0	3	13	5	5410
3_6-100per_12-66per	4	3	10:24:52	1	16	16	6	1581
3_6-100per_12-66per	4	3	10:24:52	0	13	3	7	2195
3_6-100per_12-66per	4	3	10:24:52	0	5	8	8	2145
3_6-100per_12-66per	4	3	10:24:52	1	4	4	9	6091
3_6-100per_12-66per	4	3	10:24:52	0	9	14	10	1643
3_6-100per_12-66per	4	3	10:24:52	0	11	9	11	2505
3_6-100per_12-66per	4	3	10:24:52	0	14	12	12	4054
3_6-100per_12-66per	4	3	10:24:52	0	17	2	13	1029
3_6-100per_12-66per	4	3	10:24:52	1	12	12	14	3455
3_6-100per_12-66per	4	3	10:24:52	0	2	15	15	2708
3_6-100per_12-66per	4	3	10:24:52	0	15	17	16	2729
3_6-100per_12-66per	4	3	10:24:52	0	18	5	17	1525
3_6-100per_12-66per	4	3	10:24:52	0	1	10	18	1523
3_6-100per_12-66per	7	3	11:04:07	0	11	13	1	5571
3_6-100per_12-66per	7	3	11:04:07	0	7	8	2	2680
3_6-100per_12-66per	7	3	11:04:07	0	13	5	3	1173
3_6-100per_12-66per	7	3	11:04:07	0	5	18	4	2283
3_6-100per_12-66per	7	3	11:04:07	0	12	15	5	3925
3_6-100per_12-66per	7	3	11:04:07	0	16	12	6	4307
3_6-100per_12-66per	7	3	11:04:07	0	14	16	7	2807
3_6-100per_12-66per	7	3	11:04:07	0	9	4	8	1779
3_6-100per_12-66per	7	3	11:04:07	0	2	17	9	2073
3_6-100per_12-66per	7	3	11:04:07	0	3	2	10	2224
3_6-100per_12-66per	7	3	11:04:07	0	8	10	11	1294
3_6-100per_12-66per	7	3	11:04:07	0	4	9	12	5759
3_6-100per_12-66per	7	3	11:04:07	1	1	1	13	6570
3_6-100per_12-66per	7	3	11:04:07	0	18	6	14	6321
3_6-100per_12-66per	7	3	11:04:07	0	10	7	15	2251
3_6-100per_12-66per	7	3	11:04:07	0	17	10	16	2818
3_6-100per_12-66per	7	3	11:04:07	0	15	11	17	4137
3_6-100per_12-66per	7	3	11:04:07	0	6	13	18	2035
3_6-100per_12-66per	12	1	11:02:37	1	4	4	1	5934
3_6-100per_12-66per	12	1	11:02:37	0	1	2	2	9836
3_6-100per_12-66per	12	1	11:02:37	1	8	8	3	1828
3_6-100per_12-66per	12	1	11:02:37	0	2	13	4	3652
3_6-100per_12-66per	12	1	11:02:37	1	11	11	5	1960
3_6-100per_12-66per	12	1	11:02:37	1	9	9	6	10569
3_6-100per_12-66per	12	1	11:02:37	0	3	14	7	6834
3_6-100per_12-66per	12	1	11:02:37	0	6	2	8	3917
3_6-100per_12-66per	12	1	11:02:37	0	12	17	9	3919
3_6-100per_12-66per	12	1	11:02:37	1	7	7	10	9103
3_6-100per_12-66per	12	1	11:02:37	1	10	10	11	2523
3_6-100per_12-66per	12	1	11:02:37	1	15	15	12	7027
3_6-100per_12-66per	12	1	11:02:37	0	14	5	13	11010
3_6-100per_12-66per	12	1	11:02:37	0	13	10	14	5884
3_6-100per_12-66per	12	1	11:02:37	1	16	16	15	1785
3_6-100per_12-66per	12	1	11:02:37	0	17	14	16	7707
3_6-100per_12-66per	12	1	11:02:37	0	5	14	17	2575
3_6-100per_12-66per	12	1	11:02:37	1	18	18	18	1717
4_	17	1	11:45:08	1	9	9	1	4412
4_	17	1	11:45:08	0	10	3	2	7398
4_	17	1	11:45:08	0	3	18	3	7436
4_	17	1	11:45:08	1	11	11	4	1734
4_	17	1	11:45:08	0	6	13	5	2836
4_	17	1	11:45:08	1	15	15	6	1847
4_	17	1	11:45:08	1	12	12	7	3166
4_	17	1	11:45:08	0	13	16	8	6537
4_	17	1	11:45:08	0	14	4	9	11114
4_	17	1	11:45:08	0	5	14	10	1522
4_	17	1	11:45:08	0	16	4	11	6060
4_	17	1	11:45:08	1	7	7	12	2414
4_	17	1	11:45:08	1	8	8	13	3648
4_	17	1	11:45:08	0	4	10	14	7903
4_	17	1	11:45:08	1	2	2	15	3694
4_	17	1	11:45:08	1	1	1	16	5196
4_	17	1	11:45:08	0	18	17	17	5958
4_	17	1	11:45:08	0	17	6	18	6047
4_	22	4	13:00:15	1	14	14	1	2549
4_	22	4	13:00:15	0	7	17	2	4829
4_	22	4	13:00:15	1	8	8	3	2852
4_	22	4	13:00:15	1	15	15	4	1530
4_	22	4	13:00:15	0	10	9	5	5368
4_	22	4	13:00:15	1	4	4	6	3225
4_	22	4	13:00:15	0	2	10	7	4888
4_	22	4	13:00:15	1	13	13	8	1607
4_	22	4	13:00:15	1	16	16	9	2574
4_	22	4	13:00:15	1	6	6	10	1846
4_	22	4	13:00:15	1	12	12	11	1608
4_	22	4	13:00:15	0	17	10	12	10809
4_	22	4	13:00:15	0	5	3	13	3993
4_	22	4	13:00:15	0	1	18	14	7464
4_	22	4	13:00:15	0	18	1	15	3466
4_	22	4	13:00:15	0	3	5	16	6282
4_	22	4	13:00:15	1	9	9	17	1926
4_	22	4	13:00:15	1	11	11	18	1570
4_	26	1	13:09:27	0	1	9	1	6938
4_	26	1	13:09:27	1	15	15	2	1538
4_	26	1	13:09:27	0	18	4	3	8709
4_	26	1	13:09:27	1	14	14	4	2208
4_	26	1	13:09:27	0	11	17	5	9195
4_	26	1	13:09:27	0	4	5	6	2689
4_	26	1	13:09:27	0	3	10	7	7977
4_	26	1	13:09:27	0	12	16	8	3566
4_	26	1	13:09:27	0	13	6	9	3865
4_	26	1	13:09:27	0	6	7	10	4237
4_	26	1	13:09:27	0	16	6	11	15526
4_	26	1	13:09:27	0	8	16	12	1827
4_	26	1	13:09:27	0	9	13	13	3210
4_	26	1	13:09:27	0	10	1	14	1580
4_	26	1	13:09:27	1	2	2	15	7547
4_	26	1	13:09:27	0	7	12	16	6968
4_	26	1	13:09:27	0	5	7	17	2994
4_	26	1	13:09:27	0	17	8	18	8195
3_6-100per_12-66per	4	4	10:32:56	0	4	8	1	3390
3_6-100per_12-66per	4	4	10:32:56	0	10	2	2	4362
3_6-100per_12-66per	4	4	10:32:56	0	6	18	3	2209
3_6-100per_12-66per	4	4	10:32:56	0	8	16	4	5020
3_6-100per_12-66per	4	4	10:32:56	1	1	1	5	2588
3_6-100per_12-66per	4	4	10:32:56	1	9	9	6	2013
3_6-100per_12-66per	4	4	10:32:56	0	3	10	7	1600
3_6-100per_12-66per	4	4	10:32:56	0	18	4	8	2879
3_6-100per_12-66per	4	4	10:32:56	0	5	17	9	4036
3_6-100per_12-66per	4	4	10:32:56	0	14	8	10	4423
3_6-100per_12-66per	4	4	10:32:56	0	7	12	11	2884
3_6-100per_12-66per	4	4	10:32:56	1	13	13	12	7194
3_6-100per_12-66per	4	4	10:32:56	0	2	11	13	2176
3_6-100per_12-66per	4	4	10:32:56	0	15	6	14	4166
3_6-100per_12-66per	4	4	10:32:56	0	17	14	15	2872
3_6-100per_12-66per	4	4	10:32:56	0	12	7	16	2526
3_6-100per_12-66per	4	4	10:32:56	0	16	10	17	1290
3_6-100per_12-66per	4	4	10:32:56	0	11	5	18	3964
3_6-100per_12-66per	7	4	11:11:47	0	17	7	1	3530
3_6-100per_12-66per	7	4	11:11:47	0	5	12	2	6495
3_6-100per_12-66per	7	4	11:11:47	0	4	16	3	2126
3_6-100per_12-66per	7	4	11:11:47	0	18	6	4	3357
3_6-100per_12-66per	7	4	11:11:47	0	3	17	5	1611
3_6-100per_12-66per	7	4	11:11:47	0	10	1	6	1981
3_6-100per_12-66per	7	4	11:11:47	0	8	11	7	2507
3_6-100per_12-66per	7	4	11:11:47	0	2	6	8	3462
3_6-100per_12-66per	7	4	11:11:47	0	12	5	9	1277
3_6-100per_12-66per	7	4	11:11:47	0	9	8	10	1399
3_6-100per_12-66per	7	4	11:11:47	0	14	3	11	2468
3_6-100per_12-66per	7	4	11:11:47	1	15	15	12	1413
3_6-100per_12-66per	7	4	11:11:47	0	7	9	13	4968
3_6-100per_12-66per	7	4	11:11:47	0	13	3	14	1673
3_6-100per_12-66per	7	4	11:11:47	0	6	4	15	2512
3_6-100per_12-66per	7	4	11:11:47	0	1	10	16	4025
3_6-100per_12-66per	7	4	11:11:47	1	11	11	17	7055
3_6-100per_12-66per	7	4	11:11:47	0	16	14	18	4195
1_80per	1	1	10:25:43	0	9	14	1	2770
1_80per	1	1	10:25:43	0	1	10	2	10966
1_80per	1	1	10:25:43	0	14	7	3	6729
1_80per	1	1	10:25:43	0	6	15	4	8102
1_80per	1	1	10:25:43	0	4	1	5	2582
1_80per	1	1	10:25:43	0	11	13	6	1532
1_80per	1	1	10:25:43	0	3	1	7	3657
1_80per	1	1	10:25:43	0	2	11	8	4325
1_80per	1	1	10:25:43	0	13	2	9	4499
1_80per	1	1	10:25:43	0	18	14	10	7713
1_80per	1	1	10:25:43	0	8	11	11	1181
1_80per	1	1	10:25:43	1	17	17	12	953
1_80per	1	1	10:25:43	0	5	6	13	939
1_80per	1	1	10:25:43	0	7	18	14	1702
1_80per	1	1	10:25:43	0	10	1	15	2878
1_80per	1	1	10:25:43	1	12	12	16	1050
1_80per	1	1	10:25:43	0	15	9	17	1134
1_80per	1	1	10:25:43	0	16	15	18	846
1_	10	4	11:50:16	1	9	9	1	8786
1_	10	4	11:50:16	1	11	11	2	4035
1_	10	4	11:50:16	1	8	8	3	2583
1_	10	4	11:50:16	1	10	10	4	2273
1_	10	4	11:50:16	1	13	13	5	5702
1_	10	4	11:50:16	1	14	14	6	2075
1_	10	4	11:50:16	1	16	16	7	2141
1_	10	4	11:50:16	1	4	4	8	2005
1_	10	4	11:50:16	1	17	17	9	2003
1_	10	4	11:50:16	1	2	2	10	2627
1_	10	4	11:50:16	1	18	18	11	1770
1_	10	4	11:50:16	1	5	5	12	4083
1_	10	4	11:50:16	1	15	15	13	4053
1_	10	4	11:50:16	1	12	12	14	1595
1_	10	4	11:50:16	1	3	3	15	1985
1_	10	4	11:50:16	1	7	7	16	1688
1_	10	4	11:50:16	1	1	1	17	1980
1_	10	4	11:50:16	1	6	6	18	4979
1_	15	4	12:32:12	1	12	12	1	4255
1_	15	4	12:32:12	0	9	14	2	6833
1_	15	4	12:32:12	1	7	7	3	1660
1_	15	4	12:32:12	0	13	5	4	4737
1_	15	4	12:32:12	0	10	8	5	4881
1_	15	4	12:32:12	0	6	13	6	2582
1_	15	4	12:32:12	0	8	16	7	6076
1_	15	4	12:32:12	1	1	1	8	1907
1_	15	4	12:32:12	1	17	17	9	4760
1_	15	4	12:32:12	0	5	10	10	5226
1_	15	4	12:32:12	0	3	11	11	4552
1_	15	4	12:32:12	0	16	9	12	5686
1_	15	4	12:32:12	1	4	4	13	1640
1_	15	4	12:32:12	0	15	6	14	2357
1_	15	4	12:32:12	0	11	14	15	11530
1_	15	4	12:32:12	0	14	2	16	8070
1_	15	4	12:32:12	1	18	18	17	1782
1_	15	4	12:32:12	0	2	11	18	3139
1_	21	1	12:44:24	0	6	15	1	9195
1_	21	1	12:44:24	1	7	7	2	1739
1_	21	1	12:44:24	0	9	8	3	3362
1_	21	1	12:44:24	1	17	17	4	1714
1_	21	1	12:44:24	0	18	12	5	3764
1_	21	1	12:44:24	0	15	1	6	7086
1_	21	1	12:44:24	1	2	2	7	3617
1_	21	1	12:44:24	0	11	6	8	9987
1_	21	1	12:44:24	0	12	14	9	4078
1_	21	1	12:44:24	0	13	5	10	6842
1_	21	1	12:44:24	0	10	3	11	6985
1_	21	1	12:44:24	0	5	9	12	3834
1_	21	1	12:44:24	0	14	4	13	10902
1_	21	1	12:44:24	0	4	16	14	7250
1_	21	1	12:44:24	0	3	10	15	4072
1_	21	1	12:44:24	0	16	12	16	6705
1_	21	1	12:44:24	0	8	13	17	6325
1_	21	1	12:44:24	0	1	12	18	3201
1_	25	4	14:07:39	0	15	13	1	6250
1_	25	4	14:07:39	0	4	7	2	8204
1_	25	4	14:07:39	1	7	7	3	1764
1_	25	4	14:07:39	0	2	11	4	5260
1_	25	4	14:07:39	1	1	1	5	1946
1_	25	4	14:07:39	0	11	8	6	4099
1_	25	4	14:07:39	0	14	9	7	10491
1_	25	4	14:07:39	1	17	17	8	2506
1_	25	4	14:07:39	0	10	18	9	4839
1_	25	4	14:07:39	0	16	14	10	4963
1_	25	4	14:07:39	0	9	5	11	4788
1_	25	4	14:07:39	0	13	16	12	3358
1_	25	4	14:07:39	1	3	3	13	6891
1_	25	4	14:07:39	1	5	5	14	4779
1_	25	4	14:07:39	0	6	13	15	3345
1_	25	4	14:07:39	0	8	4	16	1541
1_	25	4	14:07:39	0	18	10	17	4790
1_	25	4	14:07:39	0	12	2	18	3325
1_	6	1	11:09:45	0	18	10	1	18032
1_	6	1	11:09:45	0	8	16	2	7433
1_	6	1	11:09:45	0	17	8	3	17819
1_	6	1	11:09:45	0	11	17	4	3146
1_	6	1	11:09:45	0	6	9	5	3084
1_	6	1	11:09:45	0	16	13	6	3662
1_	6	1	11:09:45	0	2	16	7	5051
1_	6	1	11:09:45	1	12	12	8	1994
1_	6	1	11:09:45	1	1	1	9	5352
1_	6	1	11:09:45	0	10	4	10	4575
1_	6	1	11:09:45	0	9	18	11	3237
1_	6	1	11:09:45	1	13	13	12	5567
1_	6	1	11:09:45	0	15	2	13	4337
1_	6	1	11:09:45	0	4	1	14	3736
1_	6	1	11:09:45	1	3	3	15	2859
1_	6	1	11:09:45	0	14	16	16	4646
1_	6	1	11:09:45	0	5	8	17	2901
1_	6	1	11:09:45	1	7	7	18	1748
2_12-100per_6-50per	1	2	10:41:14	0	1	14	1	1133
2_12-100per_6-50per	1	2	10:41:14	0	7	11	2	645
2_12-100per_6-50per	1	2	10:41:14	0	9	16	3	825
2_12-100per_6-50per	1	2	10:41:14	0	16	9	4	582
2_12-100per_6-50per	1	2	10:41:14	0	5	4	5	364
2_12-100per_6-50per	1	2	10:41:14	0	2	15	6	440
2_12-100per_6-50per	1	2	10:41:14	0	6	14	7	702
2_12-100per_6-50per	1	2	10:41:14	0	18	16	8	313
2_12-100per_6-50per	1	2	10:41:14	0	8	13	9	650
2_12-100per_6-50per	1	2	10:41:14	0	14	6	10	357
2_12-100per_6-50per	1	2	10:41:14	0	15	5	11	703
2_12-100per_6-50per	1	2	10:41:14	0	4	11	12	469
2_12-100per_6-50per	1	2	10:41:14	0	13	3	13	512
2_12-100per_6-50per	1	2	10:41:14	0	10	4	14	390
2_12-100per_6-50per	1	2	10:41:14	0	3	12	15	294
2_12-100per_6-50per	1	2	10:41:14	0	12	18	16	1591
2_12-100per_6-50per	1	2	10:41:14	1	17	17	17	733
2_12-100per_6-50per	1	2	10:41:14	0	11	13	18	445
2_	10	3	11:42:36	1	1	1	1	1527
2_	10	3	11:42:36	1	11	11	2	2357
2_	10	3	11:42:36	1	15	15	3	1469
2_	10	3	11:42:36	1	17	17	4	1206
2_	10	3	11:42:36	1	16	16	5	9743
2_	10	3	11:42:36	1	9	9	6	1807
2_	10	3	11:42:36	0	12	2	7	1850
2_	10	3	11:42:36	1	18	18	8	1765
2_	10	3	11:42:36	1	2	2	9	1688
2_	10	3	11:42:36	1	6	6	10	3357
2_	10	3	11:42:36	1	4	4	11	2882
2_	10	3	11:42:36	1	8	8	12	6989
2_	10	3	11:42:36	1	14	14	13	3247
2_	10	3	11:42:36	1	3	3	14	2094
2_	10	3	11:42:36	1	5	5	15	1896
2_	10	3	11:42:36	1	10	10	16	2176
2_	10	3	11:42:36	1	7	7	17	1981
2_	10	3	11:42:36	1	13	13	18	1988
2_	15	3	12:23:30	1	3	3	1	5340
2_	15	3	12:23:30	1	13	13	2	3349
2_	15	3	12:23:30	1	6	6	3	5683
2_	15	3	12:23:30	0	8	9	4	1911
2_	15	3	12:23:30	0	10	16	5	10019
2_	15	3	12:23:30	1	7	7	6	1482
2_	15	3	12:23:30	1	15	15	7	1221
2_	15	3	12:23:30	0	14	10	8	6752
2_	15	3	12:23:30	0	12	2	9	4653
2_	15	3	12:23:30	0	17	14	10	10217
2_	15	3	12:23:30	1	4	4	11	6908
2_	15	3	12:23:30	1	9	9	12	2567
2_	15	3	12:23:30	0	2	14	13	6481
2_	15	3	12:23:30	1	16	16	14	3332
2_	15	3	12:23:30	1	11	11	15	1168
2_	15	3	12:23:30	0	1	16	16	15331
2_	15	3	12:23:30	0	5	1	17	8062
2_	15	3	12:23:30	1	18	18	18	10803
2_	21	2	13:04:15	0	14	6	1	7008
2_	21	2	13:04:15	1	12	12	2	1493
2_	21	2	13:04:15	0	18	9	3	1068
2_	21	2	13:04:15	1	13	13	4	5119
2_	21	2	13:04:15	0	8	14	5	4632
2_	21	2	13:04:15	0	16	17	6	3517
2_	21	2	13:04:15	1	4	4	7	5540
2_	21	2	13:04:15	0	7	8	8	7334
2_	21	2	13:04:15	1	10	10	9	3625
2_	21	2	13:04:15	1	2	2	10	2128
2_	21	2	13:04:15	1	5	5	11	6718
2_	21	2	13:04:15	0	17	15	12	16886
2_	21	2	13:04:15	0	3	1	13	2506
2_	21	2	13:04:15	0	15	3	14	3829
2_	21	2	13:04:15	1	11	11	15	2875
2_	21	2	13:04:15	0	1	7	16	7672
2_	21	2	13:04:15	0	6	18	17	5473
2_	21	2	13:04:15	1	9	9	18	15024
2_	25	3	13:59:21	0	16	2	1	7210
2_	25	3	13:59:21	1	14	14	2	3579
2_	25	3	13:59:21	1	17	17	3	10163
2_	25	3	13:59:21	1	6	6	4	7003
2_	25	3	13:59:21	1	3	3	5	2273
2_	25	3	13:59:21	1	18	18	6	1425
2_	25	3	13:59:21	0	8	4	7	2247
2_	25	3	13:59:21	1	1	1	8	2743
2_	25	3	13:59:21	1	9	9	9	1730
2_	25	3	13:59:21	1	15	15	10	2518
2_	25	3	13:59:21	1	5	5	11	1846
2_	25	3	13:59:21	1	11	11	12	1889
2_	25	3	13:59:21	0	10	17	13	3422
2_	25	3	13:59:21	0	4	10	14	3734
2_	25	3	13:59:21	1	13	13	15	1722
2_	25	3	13:59:21	0	2	10	16	4682
2_	25	3	13:59:21	1	12	12	17	2256
2_	25	3	13:59:21	1	7	7	18	8970
2_	6	2	11:18:47	0	11	16	1	11394
2_	6	2	11:18:47	0	13	1	2	6428
2_	6	2	11:18:47	1	6	6	3	6482
2_	6	2	11:18:47	0	2	7	4	6298
2_	6	2	11:18:47	1	10	10	5	3314
2_	6	2	11:18:47	0	17	8	6	8432
2_	6	2	11:18:47	0	8	3	7	8137
2_	6	2	11:18:47	0	15	18	8	7883
2_	6	2	11:18:47	0	3	18	9	9062
2_	6	2	11:18:47	0	18	17	10	7585
2_	6	2	11:18:47	0	9	2	11	1948
2_	6	2	11:18:47	0	7	15	12	5479
2_	6	2	11:18:47	1	4	4	13	2875
2_	6	2	11:18:47	0	5	9	14	5156
2_	6	2	11:18:47	0	16	5	15	5473
2_	6	2	11:18:47	1	12	12	16	9185
2_	6	2	11:18:47	0	1	16	17	6371
2_	6	2	11:18:47	0	14	1	18	5716
3_	1	3	10:48:57	0	4	18	1	1149
3_	1	3	10:48:57	0	18	5	2	574
3_	1	3	10:48:57	0	9	7	3	318
3_	1	3	10:48:57	0	14	17	4	276
3_	1	3	10:48:57	0	5	15	5	299
3_	1	3	10:48:57	0	15	11	6	1263
3_	1	3	10:48:57	0	16	9	7	595
3_	1	3	10:48:57	1	3	3	8	262
3_	1	3	10:48:57	0	10	5	9	523
3_	1	3	10:48:57	0	8	17	10	655
3_	1	3	10:48:57	0	7	12	11	599
3_	1	3	10:48:57	0	1	11	12	462
3_	1	3	10:48:57	0	11	6	13	703
3_	1	3	10:48:57	0	12	17	14	292
3_	1	3	10:48:57	0	2	18	15	306
3_	1	3	10:48:57	0	13	2	16	337
3_	1	3	10:48:57	0	6	15	17	280
3_	1	3	10:48:57	0	17	2	18	317
3_6-100per_12-66per	10	2	11:34:36	1	9	9	1	2091
3_6-100per_12-66per	10	2	11:34:36	1	2	2	2	2548
3_6-100per_12-66per	10	2	11:34:36	0	5	8	3	6784
3_6-100per_12-66per	10	2	11:34:36	0	6	17	4	5388
3_6-100per_12-66per	10	2	11:34:36	1	3	3	5	1654
3_6-100per_12-66per	10	2	11:34:36	1	16	16	6	4064
3_6-100per_12-66per	10	2	11:34:36	1	10	10	7	1301
3_6-100per_12-66per	10	2	11:34:36	1	14	14	8	1946
3_6-100per_12-66per	10	2	11:34:36	1	11	11	9	7441
3_6-100per_12-66per	10	2	11:34:36	1	1	1	10	3204
3_6-100per_12-66per	10	2	11:34:36	1	12	12	11	3506
3_6-100per_12-66per	10	2	11:34:36	1	4	4	12	2463
3_6-100per_12-66per	10	2	11:34:36	0	8	5	13	5499
3_6-100per_12-66per	10	2	11:34:36	0	7	8	14	5979
3_6-100per_12-66per	10	2	11:34:36	1	13	13	15	1994
3_6-100per_12-66per	10	2	11:34:36	0	17	6	16	8615
3_6-100per_12-66per	10	2	11:34:36	1	15	15	17	2946
3_6-100per_12-66per	10	2	11:34:36	1	18	18	18	1899
3_	15	2	12:14:26	0	3	7	1	10349
3_	15	2	12:14:26	1	1	1	2	2129
3_	15	2	12:14:26	1	14	14	3	1614
3_	15	2	12:14:26	1	15	15	4	1847
3_	15	2	12:14:26	1	16	16	5	6190
3_	15	2	12:14:26	1	9	9	6	7553
3_	15	2	12:14:26	0	6	11	7	8454
3_	15	2	12:14:26	1	2	2	8	8880
3_	15	2	12:14:26	0	17	10	9	8956
3_	15	2	12:14:26	0	4	5	10	11699
3_	15	2	12:14:26	0	5	18	11	12202
3_	15	2	12:14:26	0	18	6	12	4088
3_	15	2	12:14:26	0	11	16	13	9972
3_	15	2	12:14:26	1	8	8	14	2761
3_	15	2	12:14:26	0	7	5	15	6627
3_	15	2	12:14:26	0	12	7	16	10001
3_	15	2	12:14:26	1	10	10	17	5911
3_	15	2	12:14:26	1	13	13	18	1563
3_	21	3	13:13:04	0	8	14	1	11914
3_	21	3	13:13:04	1	1	1	2	4714
3_	21	3	13:13:04	1	5	5	3	10971
3_	21	3	13:13:04	1	4	4	4	4224
3_	21	3	13:13:04	0	7	9	5	7356
3_	21	3	13:13:04	0	18	9	6	9174
3_	21	3	13:13:04	0	2	13	7	1410
3_	21	3	13:13:04	0	9	12	8	8566
3_	21	3	13:13:04	1	16	16	9	3965
3_	21	3	13:13:04	0	13	2	10	7902
3_	21	3	13:13:04	0	14	7	11	8478
3_	21	3	13:13:04	0	12	17	12	2199
3_	21	3	13:13:04	1	3	3	13	4517
3_	21	3	13:13:04	1	15	15	14	1775
3_	21	3	13:13:04	0	17	10	15	5766
3_	21	3	13:13:04	1	6	6	16	10271
3_	21	3	13:13:04	0	10	8	17	6079
3_	21	3	13:13:04	1	11	11	18	6969
3_	25	2	13:50:32	1	15	15	1	3013
3_	25	2	13:50:32	0	17	5	2	11352
3_	25	2	13:50:32	0	13	7	3	5157
3_	25	2	13:50:32	0	18	2	4	2953
3_	25	2	13:50:32	1	14	14	5	9111
3_	25	2	13:50:32	0	7	8	6	4028
3_	25	2	13:50:32	0	10	14	7	3123
3_	25	2	13:50:32	0	3	10	8	5962
3_	25	2	13:50:32	0	8	17	9	6748
3_	25	2	13:50:32	0	12	13	10	3946
3_	25	2	13:50:32	0	9	1	11	4382
3_	25	2	13:50:32	0	5	4	12	1835
3_	25	2	13:50:32	0	11	16	13	13972
3_	25	2	13:50:32	0	1	14	14	2720
3_	25	2	13:50:32	0	4	17	15	2874
3_	25	2	13:50:32	0	2	18	16	5089
3_	25	2	13:50:32	1	16	16	17	2450
3_	25	2	13:50:32	1	6	6	18	1834
3_6-100per_12-66per	6	3	11:27:54	0	18	5	1	3745
3_6-100per_12-66per	6	3	11:27:54	0	16	18	2	2705
3_6-100per_12-66per	6	3	11:27:54	0	6	1	3	4380
3_6-100per_12-66per	6	3	11:27:54	0	3	15	4	1562
3_6-100per_12-66per	6	3	11:27:54	1	10	10	5	6422
3_6-100per_12-66per	6	3	11:27:54	0	2	8	6	4563
3_6-100per_12-66per	6	3	11:27:54	1	17	17	7	2492
3_6-100per_12-66per	6	3	11:27:54	1	14	14	8	2205
3_6-100per_12-66per	6	3	11:27:54	0	12	11	9	4884
3_6-100per_12-66per	6	3	11:27:54	0	13	16	10	3904
3_6-100per_12-66per	6	3	11:27:54	0	8	2	11	13588
3_6-100per_12-66per	6	3	11:27:54	0	15	3	12	6805
3_6-100per_12-66per	6	3	11:27:54	0	7	6	13	4178
3_6-100per_12-66per	6	3	11:27:54	0	5	4	14	2784
3_6-100per_12-66per	6	3	11:27:54	0	1	18	15	4587
3_6-100per_12-66per	6	3	11:27:54	0	9	15	16	6789
3_6-100per_12-66per	6	3	11:27:54	0	4	9	17	12375
3_6-100per_12-66per	6	3	11:27:54	0	11	5	18	6308
3_6-100per_12-66per	1	4	10:57:23	0	6	10	1	2053
3_6-100per_12-66per	1	4	10:57:23	0	15	4	2	605
3_6-100per_12-66per	1	4	10:57:23	0	5	10	3	319
3_6-100per_12-66per	1	4	10:57:23	0	12	17	4	484
3_6-100per_12-66per	1	4	10:57:23	0	3	5	5	329
3_6-100per_12-66per	1	4	10:57:23	0	17	10	6	331
3_6-100per_12-66per	1	4	10:57:23	0	7	9	7	251
3_6-100per_12-66per	1	4	10:57:23	0	10	13	8	307
3_6-100per_12-66per	1	4	10:57:23	1	14	14	9	127
3_6-100per_12-66per	1	4	10:57:23	1	11	11	10	1367
3_6-100per_12-66per	1	4	10:57:23	0	9	15	11	847
3_6-100per_12-66per	1	4	10:57:23	1	2	2	12	363
3_6-100per_12-66per	1	4	10:57:23	0	16	14	13	980
3_6-100per_12-66per	1	4	10:57:23	0	4	12	14	858
3_6-100per_12-66per	1	4	10:57:23	1	13	13	15	257
3_6-100per_12-66per	1	4	10:57:23	0	18	2	16	370
3_6-100per_12-66per	1	4	10:57:23	0	1	13	17	345
3_6-100per_12-66per	1	4	10:57:23	0	8	6	18	275
3_6-100per_12-66per	10	1	11:24:11	0	9	10	1	3300
3_6-100per_12-66per	10	1	11:24:11	1	15	15	2	1840
3_6-100per_12-66per	10	1	11:24:11	1	2	2	3	2574
3_6-100per_12-66per	10	1	11:24:11	0	18	16	4	7419
3_6-100per_12-66per	10	1	11:24:11	0	7	1	5	5147
3_6-100per_12-66per	10	1	11:24:11	0	12	5	6	3228
3_6-100per_12-66per	10	1	11:24:11	0	14	4	7	6124
3_6-100per_12-66per	10	1	11:24:11	1	3	3	8	2772
3_6-100per_12-66per	10	1	11:24:11	1	17	17	9	1952
3_6-100per_12-66per	10	1	11:24:11	0	4	7	10	10764
3_6-100per_12-66per	10	1	11:24:11	1	16	16	11	3048
3_6-100per_12-66per	10	1	11:24:11	0	1	9	12	6112
3_6-100per_12-66per	10	1	11:24:11	0	10	12	13	4397
3_6-100per_12-66per	10	1	11:24:11	0	13	7	14	9229
3_6-100per_12-66per	10	1	11:24:11	1	8	8	15	4152
3_6-100per_12-66per	10	1	11:24:11	0	6	5	16	8186
3_6-100per_12-66per	10	1	11:24:11	1	11	11	17	2506
3_6-100per_12-66per	10	1	11:24:11	0	5	13	18	12451
4_	15	1	12:05:33	1	8	8	1	2929
4_	15	1	12:05:33	0	12	7	2	4679
4_	15	1	12:05:33	1	16	16	3	2273
4_	15	1	12:05:33	0	10	1	4	2121
4_	15	1	12:05:33	0	4	10	5	8546
4_	15	1	12:05:33	1	18	18	6	3379
4_	15	1	12:05:33	0	5	15	7	2874
4_	15	1	12:05:33	0	1	3	8	8592
4_	15	1	12:05:33	0	7	16	9	9089
4_	15	1	12:05:33	1	17	17	10	1386
4_	15	1	12:05:33	0	9	16	11	2444
4_	15	1	12:05:33	0	15	6	12	6950
4_	15	1	12:05:33	0	14	5	13	5881
4_	15	1	12:05:33	0	13	9	14	3758
4_	15	1	12:05:33	0	3	13	15	5353
4_	15	1	12:05:33	1	2	2	16	6624
4_	15	1	12:05:33	0	6	14	17	3065
4_	15	1	12:05:33	1	11	11	18	2390
4_	21	4	13:21:54	0	7	8	1	2814
4_	21	4	13:21:54	0	16	18	2	2358
4_	21	4	13:21:54	0	8	16	3	2220
4_	21	4	13:21:54	0	1	17	4	1860
4_	21	4	13:21:54	0	5	6	5	2647
4_	21	4	13:21:54	0	9	14	6	1677
4_	21	4	13:21:54	0	6	3	7	2978
4_	21	4	13:21:54	0	10	7	8	2824
4_	21	4	13:21:54	0	17	11	9	4591
4_	21	4	13:21:54	0	11	15	10	5033
4_	21	4	13:21:54	1	13	13	11	1837
4_	21	4	13:21:54	0	2	10	12	4191
4_	21	4	13:21:54	0	3	2	13	3337
4_	21	4	13:21:54	0	14	1	14	3075
4_	21	4	13:21:54	0	18	12	15	8638
4_	21	4	13:21:54	0	15	14	16	4485
4_	21	4	13:21:54	0	4	5	17	3777
4_	21	4	13:21:54	0	12	7	18	3070
4_	25	1	13:32:23	1	4	4	1	2960
4_	25	1	13:32:23	0	16	11	2	5458
4_	25	1	13:32:23	0	7	1	3	12163
4_	25	1	13:32:23	1	18	18	4	6670
4_	25	1	13:32:23	1	9	9	5	5349
4_	25	1	13:32:23	1	8	8	6	1868
4_	25	1	13:32:23	0	6	16	7	5723
4_	25	1	13:32:23	1	13	13	8	2231
4_	25	1	13:32:23	0	15	6	9	8219
4_	25	1	13:32:23	0	3	16	10	4962
4_	25	1	13:32:23	0	1	16	11	1923
4_	25	1	13:32:23	1	17	17	12	1539
4_	25	1	13:32:23	1	5	5	13	4689
4_	25	1	13:32:23	1	14	14	14	5012
4_	25	1	13:32:23	1	2	2	15	2165
4_	25	1	13:32:23	1	10	10	16	2653
4_	25	1	13:32:23	0	12	15	17	7307
4_	25	1	13:32:23	1	11	11	18	4182
3_6-100per_12-66per	6	4	11:37:09	1	1	1	1	2890
3_6-100per_12-66per	6	4	11:37:09	0	3	14	2	2554
3_6-100per_12-66per	6	4	11:37:09	0	10	5	3	2624
3_6-100per_12-66per	6	4	11:37:09	1	5	5	4	2206
3_6-100per_12-66per	6	4	11:37:09	0	6	15	5	3080
3_6-100per_12-66per	6	4	11:37:09	0	13	9	6	2557
3_6-100per_12-66per	6	4	11:37:09	0	15	7	7	2105
3_6-100per_12-66per	6	4	11:37:09	0	18	11	8	2302
3_6-100per_12-66per	6	4	11:37:09	0	8	4	9	2283
3_6-100per_12-66per	6	4	11:37:09	0	9	6	10	1735
3_6-100per_12-66per	6	4	11:37:09	0	11	18	11	1917
3_6-100per_12-66per	6	4	11:37:09	0	4	14	12	6300
3_6-100per_12-66per	6	4	11:37:09	1	17	17	13	3133
3_6-100per_12-66per	6	4	11:37:09	0	14	2	14	4146
3_6-100per_12-66per	6	4	11:37:09	0	16	7	15	3278
3_6-100per_12-66per	6	4	11:37:09	0	12	13	16	4386
3_6-100per_12-66per	6	4	11:37:09	0	7	12	17	1257
3_6-100per_12-66per	6	4	11:37:09	0	2	16	18	5987
1_80per	11	4	11:33:14	0	3	12	1	3079
1_80per	11	4	11:33:14	1	9	9	2	3931
1_80per	11	4	11:33:14	0	12	11	3	3615
1_80per	11	4	11:33:14	0	18	16	4	2938
1_80per	11	4	11:33:14	0	10	12	5	1668
1_80per	11	4	11:33:14	0	2	16	6	3091
1_80per	11	4	11:33:14	0	16	15	7	2756
1_80per	11	4	11:33:14	0	8	17	8	2648
1_80per	11	4	11:33:14	1	1	1	9	2568
1_80per	11	4	11:33:14	0	17	11	10	4593
1_80per	11	4	11:33:14	0	14	5	11	3995
1_80per	11	4	11:33:14	0	6	13	12	1964
1_80per	11	4	11:33:14	0	11	15	13	3720
1_80per	11	4	11:33:14	1	15	15	14	5043
1_80per	11	4	11:33:14	1	7	7	15	2468
1_80per	11	4	11:33:14	0	4	3	16	2370
1_80per	11	4	11:33:14	0	13	10	17	3202
1_80per	11	4	11:33:14	0	5	12	18	2839
1_80per	16	4	12:16:26	0	18	11	1	4769
1_80per	16	4	12:16:26	0	3	5	2	1660
1_80per	16	4	12:16:26	0	11	15	3	2135
1_80per	16	4	12:16:26	0	9	10	4	2212
1_80per	16	4	12:16:26	1	6	6	5	3150
1_80per	16	4	12:16:26	1	10	10	6	4837
1_80per	16	4	12:16:26	0	13	16	7	1464
1_80per	16	4	12:16:26	1	2	2	8	1611
1_80per	16	4	12:16:26	1	14	14	9	2253
1_80per	16	4	12:16:26	0	5	8	10	2967
1_80per	16	4	12:16:26	1	7	7	11	1263
1_80per	16	4	12:16:26	0	8	1	12	1482
1_80per	16	4	12:16:26	0	4	13	13	2079
1_80per	16	4	12:16:26	0	15	12	14	4363
1_80per	16	4	12:16:26	0	16	18	15	1988
1_80per	16	4	12:16:26	0	1	17	16	2215
1_80per	16	4	12:16:26	0	17	1	17	1464
1_80per	16	4	12:16:26	0	12	4	18	4105
1_80per	2	1	10:12:59	0	9	14	1	5330
1_80per	2	1	10:12:59	0	4	18	2	10962
1_80per	2	1	10:12:59	0	10	1	3	3541
1_80per	2	1	10:12:59	0	6	11	4	4671
1_80per	2	1	10:12:59	0	14	12	5	5079
1_80per	2	1	10:12:59	1	16	16	6	7628
1_80per	2	1	10:12:59	0	1	2	7	2806
1_80per	2	1	10:12:59	0	11	13	8	9414
1_80per	2	1	10:12:59	0	8	7	9	2770
1_80per	2	1	10:12:59	0	15	8	10	3673
1_80per	2	1	10:12:59	1	2	2	11	7706
1_80per	2	1	10:12:59	1	12	12	12	1997
1_80per	2	1	10:12:59	0	13	11	13	11110
1_80per	2	1	10:12:59	0	17	7	14	3123
1_80per	2	1	10:12:59	1	7	7	15	1409
1_80per	2	1	10:12:59	0	3	15	16	6274
1_80per	2	1	10:12:59	0	5	16	17	4486
1_80per	2	1	10:12:59	0	18	3	18	3184
1_	20	1	12:29:56	0	16	17	1	4941
1_	20	1	12:29:56	0	2	18	2	4671
1_	20	1	12:29:56	0	4	7	3	3678
1_	20	1	12:29:56	0	10	15	4	2483
1_	20	1	12:29:56	0	17	6	5	3192
1_	20	1	12:29:56	0	13	4	6	4610
1_	20	1	12:29:56	0	5	12	7	2817
1_	20	1	12:29:56	0	1	9	8	2599
1_	20	1	12:29:56	0	15	13	9	3669
1_	20	1	12:29:56	1	7	7	10	3132
1_	20	1	12:29:56	1	8	8	11	4272
1_	20	1	12:29:56	0	3	11	12	2856
1_	20	1	12:29:56	0	6	11	13	4548
1_	20	1	12:29:56	0	11	5	14	3138
1_	20	1	12:29:56	1	14	14	15	3362
1_	20	1	12:29:56	0	9	17	16	5973
1_	20	1	12:29:56	0	18	2	17	1722
1_	20	1	12:29:56	0	12	6	18	1882
1_80per	5	1	10:52:17	0	12	18	1	4660
1_80per	5	1	10:52:17	0	2	12	2	2324
1_80per	5	1	10:52:17	0	18	11	3	3359
1_80per	5	1	10:52:17	0	16	1	4	2766
1_80per	5	1	10:52:17	1	6	6	5	1854
1_80per	5	1	10:52:17	0	15	10	6	2381
1_80per	5	1	10:52:17	1	7	7	7	1546
1_80per	5	1	10:52:17	0	14	17	8	2713
1_80per	5	1	10:52:17	0	8	4	9	1601
1_80per	5	1	10:52:17	1	4	4	10	1245
1_80per	5	1	10:52:17	0	11	5	11	1168
1_80per	5	1	10:52:17	0	17	6	12	2208
1_80per	5	1	10:52:17	1	13	13	13	1378
1_80per	5	1	10:52:17	0	9	11	14	1591
1_80per	5	1	10:52:17	0	1	18	15	1163
1_80per	5	1	10:52:17	0	10	1	16	1087
1_80per	5	1	10:52:17	0	5	6	17	1783
1_80per	5	1	10:52:17	1	3	3	18	2094
2_12-100per_6-50per	11	3	11:26:14	1	11	11	1	2198
2_12-100per_6-50per	11	3	11:26:14	0	10	4	2	2038
2_12-100per_6-50per	11	3	11:26:14	0	6	10	3	1715
2_12-100per_6-50per	11	3	11:26:14	1	4	4	4	1889
2_12-100per_6-50per	11	3	11:26:14	1	9	9	5	3571
2_12-100per_6-50per	11	3	11:26:14	1	3	3	6	1873
2_12-100per_6-50per	11	3	11:26:14	1	12	12	7	1818
2_12-100per_6-50per	11	3	11:26:14	0	17	3	8	2376
2_12-100per_6-50per	11	3	11:26:14	0	1	6	9	2814
2_12-100per_6-50per	11	3	11:26:14	0	16	3	10	2409
2_12-100per_6-50per	11	3	11:26:14	0	14	15	11	2603
2_12-100per_6-50per	11	3	11:26:14	0	13	16	12	2433
2_12-100per_6-50per	11	3	11:26:14	0	2	12	13	1852
2_12-100per_6-50per	11	3	11:26:14	0	8	1	14	4145
2_12-100per_6-50per	11	3	11:26:14	1	5	5	15	1841
2_12-100per_6-50per	11	3	11:26:14	0	7	10	16	1804
2_12-100per_6-50per	11	3	11:26:14	0	18	3	17	2074
2_12-100per_6-50per	11	3	11:26:14	1	15	15	18	1866
2_12-100per_6-50per	16	3	12:09:07	0	14	13	1	4444
2_12-100per_6-50per	16	3	12:09:07	0	2	10	2	4207
2_12-100per_6-50per	16	3	12:09:07	0	16	2	3	2142
2_12-100per_6-50per	16	3	12:09:07	1	4	4	4	3024
2_12-100per_6-50per	16	3	12:09:07	0	6	8	5	3446
2_12-100per_6-50per	16	3	12:09:07	0	8	14	6	4094
2_12-100per_6-50per	16	3	12:09:07	1	15	15	7	1494
2_12-100per_6-50per	16	3	12:09:07	0	1	7	8	3051
2_12-100per_6-50per	16	3	12:09:07	0	10	3	9	1820
2_12-100per_6-50per	16	3	12:09:07	0	5	6	10	4340
2_12-100per_6-50per	16	3	12:09:07	1	9	9	11	1814
2_12-100per_6-50per	16	3	12:09:07	0	13	18	12	1928
2_12-100per_6-50per	16	3	12:09:07	0	7	17	13	1950
2_12-100per_6-50per	16	3	12:09:07	1	12	12	14	1370
2_12-100per_6-50per	16	3	12:09:07	0	17	16	15	5065
2_12-100per_6-50per	16	3	12:09:07	0	11	18	16	1641
2_12-100per_6-50per	16	3	12:09:07	0	18	11	17	1490
2_12-100per_6-50per	16	3	12:09:07	0	3	5	18	2193
2_12-100per_6-50per	2	2	10:27:05	0	8	14	1	4253
2_12-100per_6-50per	2	2	10:27:05	1	11	11	2	1424
2_12-100per_6-50per	2	2	10:27:05	0	12	7	3	7382
2_12-100per_6-50per	2	2	10:27:05	0	1	8	4	5091
2_12-100per_6-50per	2	2	10:27:05	0	3	18	5	2165
2_12-100per_6-50per	2	2	10:27:05	0	16	6	6	3911
2_12-100per_6-50per	2	2	10:27:05	0	10	17	7	2870
2_12-100per_6-50per	2	2	10:27:05	0	4	2	8	3238
2_12-100per_6-50per	2	2	10:27:05	0	9	16	9	6969
2_12-100per_6-50per	2	2	10:27:05	0	18	12	10	2670
2_12-100per_6-50per	2	2	10:27:05	0	17	10	11	1936
2_12-100per_6-50per	2	2	10:27:05	0	7	5	12	2137
2_12-100per_6-50per	2	2	10:27:05	0	13	14	13	1367
2_12-100per_6-50per	2	2	10:27:05	0	15	1	14	1543
2_12-100per_6-50per	2	2	10:27:05	0	5	4	15	3063
2_12-100per_6-50per	2	2	10:27:05	0	14	3	16	2321
2_12-100per_6-50per	2	2	10:27:05	0	6	5	17	3481
2_12-100per_6-50per	2	2	10:27:05	0	2	4	18	3129
2_	20	2	13:23:16	1	12	12	1	1562
2_	20	2	13:23:16	0	13	10	2	2467
2_	20	2	13:23:16	1	18	18	3	4024
2_	20	2	13:23:16	0	11	9	4	4848
2_	20	2	13:23:16	1	3	3	5	4165
2_	20	2	13:23:16	1	2	2	6	3616
2_	20	2	13:23:16	0	4	7	7	2171
2_	20	2	13:23:16	0	17	8	8	1984
2_	20	2	13:23:16	0	15	5	9	2212
2_	20	2	13:23:16	0	7	15	10	3895
2_	20	2	13:23:16	0	9	4	11	6943
2_	20	2	13:23:16	0	14	8	12	3799
2_	20	2	13:23:16	0	6	11	13	3566
2_	20	2	13:23:16	0	8	1	14	1343
2_	20	2	13:23:16	1	16	16	15	2901
2_	20	2	13:23:16	0	10	4	16	1558
2_	20	2	13:23:16	0	5	13	17	3947
2_	20	2	13:23:16	0	1	6	18	2436
2_12-100per_6-50per	5	2	10:59:55	1	3	3	1	2423
2_12-100per_6-50per	5	2	10:59:55	0	9	14	2	1422
2_12-100per_6-50per	5	2	10:59:55	0	1	2	3	1546
2_12-100per_6-50per	5	2	10:59:55	0	10	16	4	1812
2_12-100per_6-50per	5	2	10:59:55	0	8	13	5	1417
2_12-100per_6-50per	5	2	10:59:55	0	4	1	6	1663
2_12-100per_6-50per	5	2	10:59:55	0	12	7	7	1158
2_12-100per_6-50per	5	2	10:59:55	0	6	8	8	1536
2_12-100per_6-50per	5	2	10:59:55	0	14	1	9	1192
2_12-100per_6-50per	5	2	10:59:55	0	7	10	10	1026
2_12-100per_6-50per	5	2	10:59:55	0	18	11	11	1084
2_12-100per_6-50per	5	2	10:59:55	0	15	4	12	2496
2_12-100per_6-50per	5	2	10:59:55	0	13	5	13	778
2_12-100per_6-50per	5	2	10:59:55	0	2	14	14	1582
2_12-100per_6-50per	5	2	10:59:55	1	5	5	15	1235
2_12-100per_6-50per	5	2	10:59:55	0	11	17	16	1911
2_12-100per_6-50per	5	2	10:59:55	0	17	5	17	1468
2_12-100per_6-50per	5	2	10:59:55	0	16	15	18	957
3_6-100per_12-66per	11	2	11:19:05	0	5	7	1	3004
3_6-100per_12-66per	11	2	11:19:05	0	9	10	2	6179
3_6-100per_12-66per	11	2	11:19:05	1	15	15	3	1616
3_6-100per_12-66per	11	2	11:19:05	1	14	14	4	1763
3_6-100per_12-66per	11	2	11:19:05	0	16	11	5	3124
3_6-100per_12-66per	11	2	11:19:05	1	3	3	6	1891
3_6-100per_12-66per	11	2	11:19:05	1	2	2	7	1851
3_6-100per_12-66per	11	2	11:19:05	0	10	1	8	3915
3_6-100per_12-66per	11	2	11:19:05	0	11	16	9	4554
3_6-100per_12-66per	11	2	11:19:05	0	7	8	10	1809
3_6-100per_12-66per	11	2	11:19:05	0	4	1	11	2971
3_6-100per_12-66per	11	2	11:19:05	1	13	13	12	2992
3_6-100per_12-66per	11	2	11:19:05	0	1	9	13	3059
3_6-100per_12-66per	11	2	11:19:05	0	6	17	14	2669
3_6-100per_12-66per	11	2	11:19:05	1	18	18	15	1573
3_6-100per_12-66per	11	2	11:19:05	0	17	11	16	4660
3_6-100per_12-66per	11	2	11:19:05	0	8	1	17	3722
3_6-100per_12-66per	11	2	11:19:05	1	12	12	18	1064
3_6-100per_12-66per	16	2	12:01:25	0	9	6	1	3926
3_6-100per_12-66per	16	2	12:01:25	0	12	8	2	3906
3_6-100per_12-66per	16	2	12:01:25	0	3	10	3	1921
3_6-100per_12-66per	16	2	12:01:25	0	6	18	4	1846
3_6-100per_12-66per	16	2	12:01:25	0	17	18	5	4046
3_6-100per_12-66per	16	2	12:01:25	1	7	7	6	2645
3_6-100per_12-66per	16	2	12:01:25	1	5	5	7	2749
3_6-100per_12-66per	16	2	12:01:25	1	15	15	8	2329
3_6-100per_12-66per	16	2	12:01:25	1	14	14	9	2127
3_6-100per_12-66per	16	2	12:01:25	0	18	13	10	1828
3_6-100per_12-66per	16	2	12:01:25	0	10	18	11	5004
3_6-100per_12-66per	16	2	12:01:25	0	2	17	12	2080
3_6-100per_12-66per	16	2	12:01:25	0	8	4	13	1360
3_6-100per_12-66per	16	2	12:01:25	0	11	3	14	2649
3_6-100per_12-66per	16	2	12:01:25	0	1	3	15	1965
3_6-100per_12-66per	16	2	12:01:25	0	16	11	16	3385
3_6-100per_12-66per	16	2	12:01:25	0	4	14	17	12922
3_6-100per_12-66per	16	2	12:01:25	0	13	18	18	1513
3_	2	3	10:35:43	1	14	14	1	1912
3_	2	3	10:35:43	0	8	9	2	3138
3_	2	3	10:35:43	0	12	2	3	2248
3_	2	3	10:35:43	0	5	1	4	3136
3_	2	3	10:35:43	0	7	12	5	6854
3_	2	3	10:35:43	0	1	7	6	1309
3_	2	3	10:35:43	0	10	1	7	2040
3_	2	3	10:35:43	0	9	17	8	2123
3_	2	3	10:35:43	0	18	4	9	4308
3_	2	3	10:35:43	1	11	11	10	1957
3_	2	3	10:35:43	0	13	8	11	2263
3_	2	3	10:35:43	1	6	6	12	1996
3_	2	3	10:35:43	0	4	18	13	2216
3_	2	3	10:35:43	1	15	15	14	1159
3_	2	3	10:35:43	0	2	10	15	1922
3_	2	3	10:35:43	0	17	5	16	3562
3_	2	3	10:35:43	0	16	6	17	3465
3_	2	3	10:35:43	1	3	3	18	1658
3_	20	3	13:31:11	0	6	13	1	2749
3_	20	3	13:31:11	0	13	11	2	2100
3_	20	3	13:31:11	0	16	2	3	2144
3_	20	3	13:31:11	0	1	3	4	2449
3_	20	3	13:31:11	0	17	12	5	1783
3_	20	3	13:31:11	0	12	10	6	2858
3_	20	3	13:31:11	0	9	7	7	2566
3_	20	3	13:31:11	1	8	8	8	2144
3_	20	3	13:31:11	0	5	4	9	3881
3_	20	3	13:31:11	0	4	16	10	2278
3_	20	3	13:31:11	1	10	10	11	5680
3_	20	3	13:31:11	0	14	12	12	2401
3_	20	3	13:31:11	1	15	15	13	1418
3_	20	3	13:31:11	0	7	9	14	2291
3_	20	3	13:31:11	0	2	1	15	10171
3_	20	3	13:31:11	1	18	18	16	3608
3_	20	3	13:31:11	0	11	18	17	7435
3_	20	3	13:31:11	0	3	18	18	4773
3_6-100per_12-66per	5	3	11:07:05	0	15	17	1	2291
3_6-100per_12-66per	5	3	11:07:05	0	4	9	2	2489
3_6-100per_12-66per	5	3	11:07:05	0	8	17	3	3017
3_6-100per_12-66per	5	3	11:07:05	0	7	10	4	1741
3_6-100per_12-66per	5	3	11:07:05	0	3	18	5	1893
3_6-100per_12-66per	5	3	11:07:05	0	17	3	6	1284
3_6-100per_12-66per	5	3	11:07:05	1	18	18	7	1950
3_6-100per_12-66per	5	3	11:07:05	1	14	14	8	2419
3_6-100per_12-66per	5	3	11:07:05	0	10	7	9	2055
3_6-100per_12-66per	5	3	11:07:05	0	11	13	10	1803
3_6-100per_12-66per	5	3	11:07:05	0	1	5	11	2970
3_6-100per_12-66per	5	3	11:07:05	0	2	10	12	1776
3_6-100per_12-66per	5	3	11:07:05	0	6	15	13	1408
3_6-100per_12-66per	5	3	11:07:05	0	16	13	14	1409
3_6-100per_12-66per	5	3	11:07:05	0	12	16	15	927
3_6-100per_12-66per	5	3	11:07:05	0	9	17	16	1521
3_6-100per_12-66per	5	3	11:07:05	0	13	8	17	1730
3_6-100per_12-66per	5	3	11:07:05	0	5	2	18	1595
3_6-100per_12-66per	11	1	11:11:02	0	14	12	1	4058
3_6-100per_12-66per	11	1	11:11:02	0	5	10	2	5136
3_6-100per_12-66per	11	1	11:11:02	0	11	13	3	3465
3_6-100per_12-66per	11	1	11:11:02	1	12	12	4	2532
3_6-100per_12-66per	11	1	11:11:02	0	6	1	5	3528
3_6-100per_12-66per	11	1	11:11:02	0	4	5	6	1653
3_6-100per_12-66per	11	1	11:11:02	0	16	11	7	1612
3_6-100per_12-66per	11	1	11:11:02	1	15	15	8	1447
3_6-100per_12-66per	11	1	11:11:02	0	9	14	9	6246
3_6-100per_12-66per	11	1	11:11:02	0	2	17	10	3085
3_6-100per_12-66per	11	1	11:11:02	0	3	14	11	3850
3_6-100per_12-66per	11	1	11:11:02	0	13	2	12	1736
3_6-100per_12-66per	11	1	11:11:02	0	10	6	13	2890
3_6-100per_12-66per	11	1	11:11:02	1	18	18	14	3066
3_6-100per_12-66per	11	1	11:11:02	0	7	8	15	6100
3_6-100per_12-66per	11	1	11:11:02	0	1	18	16	4030
3_6-100per_12-66per	11	1	11:11:02	0	8	7	17	1432
3_6-100per_12-66per	11	1	11:11:02	0	17	1	18	2548
3_6-100per_12-66per	16	1	11:52:39	1	1	1	1	10896
3_6-100per_12-66per	16	1	11:52:39	0	15	16	2	6155
3_6-100per_12-66per	16	1	11:52:39	0	2	13	3	1792
3_6-100per_12-66per	16	1	11:52:39	1	3	3	4	5794
3_6-100per_12-66per	16	1	11:52:39	1	8	8	5	2059
3_6-100per_12-66per	16	1	11:52:39	0	17	11	6	4031
3_6-100per_12-66per	16	1	11:52:39	0	14	9	7	4330
3_6-100per_12-66per	16	1	11:52:39	0	6	2	8	2756
3_6-100per_12-66per	16	1	11:52:39	1	5	5	9	1908
3_6-100per_12-66per	16	1	11:52:39	0	18	17	10	3915
3_6-100per_12-66per	16	1	11:52:39	0	12	13	11	3339
3_6-100per_12-66per	16	1	11:52:39	0	9	12	12	3653
3_6-100per_12-66per	16	1	11:52:39	0	7	6	13	2971
3_6-100per_12-66per	16	1	11:52:39	0	4	14	14	3458
3_6-100per_12-66per	16	1	11:52:39	0	13	7	15	1660
3_6-100per_12-66per	16	1	11:52:39	0	16	11	16	2544
3_6-100per_12-66per	16	1	11:52:39	1	11	11	17	1161
3_6-100per_12-66per	16	1	11:52:39	0	10	1	18	2300
3_6-100per_12-66per	2	4	10:44:23	0	5	15	1	1552
3_6-100per_12-66per	2	4	10:44:23	0	12	17	2	2106
3_6-100per_12-66per	2	4	10:44:23	0	1	13	3	2913
3_6-100per_12-66per	2	4	10:44:23	0	3	7	4	1876
3_6-100per_12-66per	2	4	10:44:23	0	7	4	5	1982
3_6-100per_12-66per	2	4	10:44:23	1	18	18	6	5802
3_6-100per_12-66per	2	4	10:44:23	1	8	8	7	3566
3_6-100per_12-66per	2	4	10:44:23	0	9	6	8	1883
3_6-100per_12-66per	2	4	10:44:23	0	13	12	9	3260
3_6-100per_12-66per	2	4	10:44:23	1	14	14	10	1369
3_6-100per_12-66per	2	4	10:44:23	0	6	16	11	1897
3_6-100per_12-66per	2	4	10:44:23	0	16	1	12	2011
3_6-100per_12-66per	2	4	10:44:23	0	15	2	13	1903
3_6-100per_12-66per	2	4	10:44:23	0	11	9	14	3318
3_6-100per_12-66per	2	4	10:44:23	0	10	5	15	2959
3_6-100per_12-66per	2	4	10:44:23	0	17	10	16	1561
3_6-100per_12-66per	2	4	10:44:23	1	2	2	17	1731
3_6-100per_12-66per	2	4	10:44:23	0	4	17	18	4722
4_	20	4	13:38:54	0	16	4	1	1850
4_	20	4	13:38:54	0	6	12	2	728
4_	20	4	13:38:54	1	10	10	3	542
4_	20	4	13:38:54	0	13	2	4	533
4_	20	4	13:38:54	0	15	12	5	1088
4_	20	4	13:38:54	0	17	5	6	2167
4_	20	4	13:38:54	0	11	13	7	1425
4_	20	4	13:38:54	0	12	1	8	1328
4_	20	4	13:38:54	0	18	16	9	1581
4_	20	4	13:38:54	0	7	15	10	1925
4_	20	4	13:38:54	0	8	7	11	2616
4_	20	4	13:38:54	0	2	6	12	1131
4_	20	4	13:38:54	0	1	11	13	2672
4_	20	4	13:38:54	0	5	3	14	1072
4_	20	4	13:38:54	0	9	8	15	949
4_	20	4	13:38:54	0	3	14	16	786
4_	20	4	13:38:54	0	14	2	17	5482
4_	20	4	13:38:54	0	4	6	18	2543
3_6-100per_12-66per	5	4	11:14:35	0	17	10	1	1231
3_6-100per_12-66per	5	4	11:14:35	0	12	16	2	2368
3_6-100per_12-66per	5	4	11:14:35	0	15	6	3	2150
3_6-100per_12-66per	5	4	11:14:35	0	16	15	4	1182
3_6-100per_12-66per	5	4	11:14:35	1	2	2	5	2806
3_6-100per_12-66per	5	4	11:14:35	0	8	13	6	3347
3_6-100per_12-66per	5	4	11:14:35	1	4	4	7	1608
3_6-100per_12-66per	5	4	11:14:35	0	11	3	8	930
3_6-100per_12-66per	5	4	11:14:35	0	6	12	9	920
3_6-100per_12-66per	5	4	11:14:35	0	3	18	10	2125
3_6-100per_12-66per	5	4	11:14:35	0	14	5	11	2889
3_6-100per_12-66per	5	4	11:14:35	0	10	14	12	3732
3_6-100per_12-66per	5	4	11:14:35	1	13	13	13	3609
3_6-100per_12-66per	5	4	11:14:35	1	1	1	14	1054
3_6-100per_12-66per	5	4	11:14:35	1	9	9	15	1984
3_6-100per_12-66per	5	4	11:14:35	0	7	18	16	2381
3_6-100per_12-66per	5	4	11:14:35	0	18	5	17	1442
3_6-100per_12-66per	5	4	11:14:35	0	5	17	18	2940
1_	30	4	13:37:37	1	10	10	1	1578
1_	30	4	13:37:37	0	13	1	2	5400
1_	30	4	13:37:37	0	18	6	3	3726
1_	30	4	13:37:37	1	12	12	4	9219
1_	30	4	13:37:37	0	6	5	5	3032
1_	30	4	13:37:37	0	17	18	6	4052
1_	30	4	13:37:37	0	15	9	7	2980
1_	30	4	13:37:37	0	5	2	8	5457
1_	30	4	13:37:37	1	4	4	9	5460
1_	30	4	13:37:37	0	9	18	10	5040
1_	30	4	13:37:37	0	1	13	11	3163
1_	30	4	13:37:37	0	16	15	12	8309
1_	30	4	13:37:37	1	7	7	13	1649
1_	30	4	13:37:37	0	14	2	14	11969
1_	30	4	13:37:37	1	8	8	15	2393
1_	30	4	13:37:37	0	2	16	16	2107
1_	30	4	13:37:37	0	11	14	17	2696
1_	30	4	13:37:37	0	3	11	18	1401
1_	35	1	13:55:43	1	14	14	1	7274
1_	35	1	13:55:43	0	9	17	2	12008
1_	35	1	13:55:43	0	2	6	3	6668
1_	35	1	13:55:43	1	1	1	4	5339
1_	35	1	13:55:43	0	15	5	5	9884
1_	35	1	13:55:43	0	5	8	6	4952
1_	35	1	13:55:43	0	6	4	7	7524
1_	35	1	13:55:43	0	16	12	8	6850
1_	35	1	13:55:43	0	17	10	9	12519
1_	35	1	13:55:43	0	12	16	10	5696
1_	35	1	13:55:43	1	3	3	11	3032
1_	35	1	13:55:43	1	18	18	12	5306
1_	35	1	13:55:43	0	11	9	13	5279
1_	35	1	13:55:43	0	10	15	14	7706
1_	35	1	13:55:43	1	7	7	15	1838
1_	35	1	13:55:43	0	4	2	16	11426
1_	35	1	13:55:43	0	13	14	17	2592
1_	35	1	13:55:43	0	8	5	18	10981
2_	30	3	13:30:01	1	5	5	1	4388
2_	30	3	13:30:01	0	16	17	2	2677
2_	30	3	13:30:01	1	12	12	3	3722
2_	30	3	13:30:01	0	6	18	4	3322
2_	30	3	13:30:01	1	3	3	5	3228
2_	30	3	13:30:01	0	15	17	6	2258
2_	30	3	13:30:01	0	13	8	7	5277
2_	30	3	13:30:01	0	7	9	8	3553
2_	30	3	13:30:01	0	4	18	9	1779
2_	30	3	13:30:01	0	11	14	10	2485
2_	30	3	13:30:01	0	1	2	11	3889
2_	30	3	13:30:01	0	2	6	12	8840
2_	30	3	13:30:01	0	17	16	13	2916
2_	30	3	13:30:01	0	9	6	14	3525
2_	30	3	13:30:01	0	18	10	15	4033
2_	30	3	13:30:01	0	14	8	16	6691
2_	30	3	13:30:01	0	8	10	17	5925
2_	30	3	13:30:01	0	10	1	18	3481
2_	35	2	14:10:37	0	9	17	1	18682
2_	35	2	14:10:37	0	17	13	2	6525
2_	35	2	14:10:37	1	5	5	3	2258
2_	35	2	14:10:37	0	10	2	4	3742
2_	35	2	14:10:37	1	1	1	5	4902
2_	35	2	14:10:37	0	13	8	6	7234
2_	35	2	14:10:37	0	2	10	7	5021
2_	35	2	14:10:37	0	11	18	8	2277
2_	35	2	14:10:37	1	14	14	9	1752
2_	35	2	14:10:37	0	18	6	10	7936
2_	35	2	14:10:37	0	16	17	11	10399
2_	35	2	14:10:37	1	3	3	12	1893
2_	35	2	14:10:37	1	4	4	13	11588
2_	35	2	14:10:37	1	7	7	14	1277
2_	35	2	14:10:37	1	6	6	15	9138
2_	35	2	14:10:37	0	8	4	16	4466
2_	35	2	14:10:37	1	15	15	17	1642
2_	35	2	14:10:37	1	12	12	18	9194
3_	30	2	13:22:06	0	8	18	1	4941
3_	30	2	13:22:06	0	3	15	2	9085
3_	30	2	13:22:06	0	13	15	3	5216
3_	30	2	13:22:06	0	2	12	4	1347
3_	30	2	13:22:06	0	12	1	5	2672
3_	30	2	13:22:06	0	6	3	6	8224
3_	30	2	13:22:06	0	14	11	7	3375
3_	30	2	13:22:06	1	10	10	8	1764
3_	30	2	13:22:06	0	9	2	9	5342
3_	30	2	13:22:06	0	11	3	10	3551
3_	30	2	13:22:06	0	7	13	11	5069
3_	30	2	13:22:06	0	1	10	12	2619
3_	30	2	13:22:06	0	18	9	13	3139
3_	30	2	13:22:06	0	16	1	14	6763
3_	30	2	13:22:06	1	4	4	15	1974
3_	30	2	13:22:06	0	15	16	16	10387
3_	30	2	13:22:06	0	5	11	17	1645
3_	30	2	13:22:06	0	17	2	18	8212
3_	35	3	14:19:03	1	12	12	1	9705
3_	35	3	14:19:03	0	17	18	2	5037
3_	35	3	14:19:03	0	11	2	3	4128
3_	35	3	14:19:03	0	8	6	4	5605
3_	35	3	14:19:03	0	18	11	5	7098
3_	35	3	14:19:03	1	15	15	6	2036
3_	35	3	14:19:03	0	10	1	7	8213
3_	35	3	14:19:03	1	14	14	8	7778
3_	35	3	14:19:03	0	7	10	9	5493
3_	35	3	14:19:03	0	1	3	10	4373
3_	35	3	14:19:03	0	3	17	11	5675
3_	35	3	14:19:03	1	4	4	12	1883
3_	35	3	14:19:03	1	13	13	13	1487
3_	35	3	14:19:03	0	2	10	14	4828
3_	35	3	14:19:03	0	9	18	15	10185
3_	35	3	14:19:03	0	6	8	16	9047
3_	35	3	14:19:03	0	16	9	17	9819
3_	35	3	14:19:03	0	5	11	18	11162
4_	30	1	13:14:12	0	17	7	1	7907
4_	30	1	13:14:12	0	12	1	2	9740
4_	30	1	13:14:12	0	10	3	3	2563
4_	30	1	13:14:12	0	8	5	4	6086
4_	30	1	13:14:12	0	11	13	5	3786
4_	30	1	13:14:12	0	6	5	6	5428
4_	30	1	13:14:12	0	15	6	7	1689
4_	30	1	13:14:12	1	14	14	8	4139
4_	30	1	13:14:12	0	3	18	9	2546
4_	30	1	13:14:12	1	1	1	10	1757
4_	30	1	13:14:12	0	13	16	11	3690
4_	30	1	13:14:12	0	5	14	12	2570
4_	30	1	13:14:12	1	4	4	13	3525
4_	30	1	13:14:12	0	7	12	14	1632
4_	30	1	13:14:12	1	2	2	15	2779
4_	30	1	13:14:12	1	9	9	16	1770
4_	30	1	13:14:12	0	18	10	17	6552
4_	30	1	13:14:12	0	16	11	18	2797
4_	34	4	14:10:59	0	9	10	1	4560
4_	34	4	14:10:59	0	7	11	2	1713
4_	34	4	14:10:59	0	8	1	3	1467
4_	34	4	14:10:59	0	6	2	4	2043
4_	34	4	14:10:59	0	14	5	5	2970
4_	34	4	14:10:59	0	13	3	6	1923
4_	34	4	14:10:59	0	1	3	7	2544
4_	34	4	14:10:59	0	16	9	8	1763
4_	34	4	14:10:59	0	15	11	9	1012
4_	34	4	14:10:59	0	3	17	10	2371
4_	34	4	14:10:59	0	11	7	11	1920
4_	34	4	14:10:59	0	5	16	12	2336
4_	34	4	14:10:59	0	10	14	13	1971
4_	34	4	14:10:59	1	18	18	14	2552
4_	34	4	14:10:59	0	2	13	15	1438
4_	34	4	14:10:59	0	12	4	16	3954
4_	34	4	14:10:59	0	4	8	17	1472
4_	34	4	14:10:59	0	17	15	18	1367
1_	31	4	13:25:42	1	17	17	1	1678
1_	31	4	13:25:42	1	6	6	2	1586
1_	31	4	13:25:42	1	5	5	3	5915
1_	31	4	13:25:42	1	16	16	4	2212
1_	31	4	13:25:42	1	1	1	5	3270
1_	31	4	13:25:42	1	14	14	6	1295
1_	31	4	13:25:42	1	7	7	7	1450
1_	31	4	13:25:42	1	12	12	8	2626
1_	31	4	13:25:42	1	10	10	9	10038
1_	31	4	13:25:42	1	11	11	10	909
1_	31	4	13:25:42	1	18	18	11	2864
1_	31	4	13:25:42	1	9	9	12	2418
1_	31	4	13:25:42	1	3	3	13	2233
1_	31	4	13:25:42	1	13	13	14	1853
1_	31	4	13:25:42	1	4	4	15	10136
1_	31	4	13:25:42	1	2	2	16	2213
1_	31	4	13:25:42	0	8	15	17	3653
1_	31	4	13:25:42	0	15	8	18	1847
1_	36	1	13:41:42	0	9	15	1	5564
1_	36	1	13:41:42	0	2	4	2	16228
1_	36	1	13:41:42	1	1	1	3	2850
1_	36	1	13:41:42	0	3	5	4	9699
1_	36	1	13:41:42	1	8	8	5	1403
1_	36	1	13:41:42	1	7	7	6	1336
1_	36	1	13:41:42	0	4	6	7	5802
1_	36	1	13:41:42	0	16	3	8	10689
1_	36	1	13:41:42	0	10	14	9	15032
1_	36	1	13:41:42	0	11	2	10	4043
1_	36	1	13:41:42	1	15	15	11	2617
1_	36	1	13:41:42	0	17	18	12	5008
1_	36	1	13:41:42	0	5	9	13	8500
1_	36	1	13:41:42	0	12	14	14	10015
1_	36	1	13:41:42	0	6	17	15	3621
1_	36	1	13:41:42	0	14	12	16	7933
1_	36	1	13:41:42	0	13	2	17	5769
1_	36	1	13:41:42	0	18	10	18	4579
2_	31	3	13:17:36	1	11	11	1	2428
2_	31	3	13:17:36	1	8	8	2	4137
2_	31	3	13:17:36	0	5	18	3	14394
2_	31	3	13:17:36	1	16	16	4	2273
2_	31	3	13:17:36	1	12	12	5	2801
2_	31	3	13:17:36	1	7	7	6	1335
2_	31	3	13:17:36	0	2	3	7	7010
2_	31	3	13:17:36	1	10	10	8	1866
2_	31	3	13:17:36	1	17	17	9	4387
2_	31	3	13:17:36	1	14	14	10	2638
2_	31	3	13:17:36	0	3	2	11	4631
2_	31	3	13:17:36	1	15	15	12	2323
2_	31	3	13:17:36	1	9	9	13	1803
2_	31	3	13:17:36	1	13	13	14	2183
2_	31	3	13:17:36	0	18	4	15	6385
2_	31	3	13:17:36	1	6	6	16	7659
2_	31	3	13:17:36	1	4	4	17	10438
2_	31	3	13:17:36	1	1	1	18	1248
2_	36	2	14:19:24	1	9	9	1	2298
2_	36	2	14:19:24	1	5	5	2	10451
2_	36	2	14:19:24	0	4	12	3	10746
2_	36	2	14:19:24	0	1	6	4	9083
2_	36	2	14:19:24	1	17	17	5	2735
2_	36	2	14:19:24	0	10	8	6	3948
2_	36	2	14:19:24	0	14	16	7	4792
2_	36	2	14:19:24	0	12	2	8	5539
2_	36	2	14:19:24	0	3	11	9	9523
2_	36	2	14:19:24	0	16	10	10	9768
2_	36	2	14:19:24	0	11	1	11	5635
2_	36	2	14:19:24	1	15	15	12	2068
2_	36	2	14:19:24	0	8	3	13	8142
2_	36	2	14:19:24	0	18	12	14	8701
2_	36	2	14:19:24	0	13	14	15	9902
2_	36	2	14:19:24	1	6	6	16	16551
2_	36	2	14:19:24	1	2	2	17	5451
2_	36	2	14:19:24	0	7	18	18	5563
3_	31	2	13:09:26	1	2	2	1	1814
3_	31	2	13:09:26	1	14	14	2	1918
3_	31	2	13:09:26	1	9	9	3	6374
3_	31	2	13:09:26	1	8	8	4	11475
3_	31	2	13:09:26	1	11	11	5	1636
3_	31	2	13:09:26	1	5	5	6	2902
3_	31	2	13:09:26	1	1	1	7	6332
3_	31	2	13:09:26	1	10	10	8	5617
3_	31	2	13:09:26	1	18	18	9	2303
3_	31	2	13:09:26	1	13	13	10	2340
3_	31	2	13:09:26	1	7	7	11	9910
3_	31	2	13:09:26	1	4	4	12	7776
3_	31	2	13:09:26	1	6	6	13	2520
3_	31	2	13:09:26	1	15	15	14	1296
3_	31	2	13:09:26	1	12	12	15	2712
3_	31	2	13:09:26	0	17	1	16	7897
3_	31	2	13:09:26	1	16	16	17	1721
3_	31	2	13:09:26	1	3	3	18	3618
3_	36	3	14:28:39	0	8	11	1	8248
3_	36	3	14:28:39	1	13	13	2	8996
3_	36	3	14:28:39	0	15	1	3	9949
3_	36	3	14:28:39	0	17	12	4	6874
3_	36	3	14:28:39	0	1	7	5	1795
3_	36	3	14:28:39	0	2	8	6	3688
3_	36	3	14:28:39	0	11	10	7	10821
3_	36	3	14:28:39	0	3	9	8	2810
3_	36	3	14:28:39	0	7	15	9	3101
3_	36	3	14:28:39	0	14	16	10	8100
3_	36	3	14:28:39	0	10	7	11	1482
3_	36	3	14:28:39	1	4	4	12	1206
3_	36	3	14:28:39	0	6	17	13	6410
3_	36	3	14:28:39	0	12	16	14	3947
3_	36	3	14:28:39	0	18	5	15	10180
3_	36	3	14:28:39	0	9	18	16	5630
3_	36	3	14:28:39	0	5	3	17	2449
3_	36	3	14:28:39	0	16	5	18	8336
4_	31	1	13:01:33	0	16	9	1	7852
4_	31	1	13:01:33	0	10	6	2	3266
4_	31	1	13:01:33	1	8	8	3	2203
4_	31	1	13:01:33	0	12	14	4	4633
4_	31	1	13:01:33	1	3	3	5	2419
4_	31	1	13:01:33	0	4	5	6	3434
4_	31	1	13:01:33	1	17	17	7	1582
4_	31	1	13:01:33	0	5	15	8	2900
4_	31	1	13:01:33	0	9	12	9	2944
4_	31	1	13:01:33	1	18	18	10	3378
4_	31	1	13:01:33	0	15	14	11	2577
4_	31	1	13:01:33	0	14	16	12	2007
4_	31	1	13:01:33	0	6	10	13	3056
4_	31	1	13:01:33	0	13	12	14	2844
4_	31	1	13:01:33	1	11	11	15	1419
4_	31	1	13:01:33	1	7	7	16	1755
4_	31	1	13:01:33	0	1	13	17	5455
4_	31	1	13:01:33	0	2	13	18	5988
4_	36	4	14:37:29	0	8	9	1	9758
4_	36	4	14:37:29	0	13	2	2	1787
4_	36	4	14:37:29	0	5	17	3	6046
4_	36	4	14:37:29	1	11	11	4	2996
4_	36	4	14:37:29	0	12	18	5	6850
4_	36	4	14:37:29	1	1	1	6	1539
4_	36	4	14:37:29	1	16	16	7	1603
4_	36	4	14:37:29	0	18	8	8	12332
4_	36	4	14:37:29	0	10	6	9	2847
4_	36	4	14:37:29	1	3	3	10	1701
4_	36	4	14:37:29	0	14	10	11	6453
4_	36	4	14:37:29	1	7	7	12	6521
4_	36	4	14:37:29	1	4	4	13	3458
4_	36	4	14:37:29	0	9	16	14	2590
4_	36	4	14:37:29	0	2	5	15	7480
4_	36	4	14:37:29	1	15	15	16	5771
4_	36	4	14:37:29	0	6	14	17	4834
4_	36	4	14:37:29	0	17	18	18	2380
1_	29	4	13:24:31	0	1	15	1	781
1_	29	4	13:24:31	0	17	3	2	1896
1_	29	4	13:24:31	0	2	5	3	1184
1_	29	4	13:24:31	0	13	8	4	662
1_	29	4	13:24:31	0	14	15	5	288
1_	29	4	13:24:31	1	9	9	6	1022
1_	29	4	13:24:31	1	5	5	7	1134
1_	29	4	13:24:31	0	6	11	8	1348
1_	29	4	13:24:31	0	4	6	9	831
1_	29	4	13:24:31	0	15	13	10	2976
1_	29	4	13:24:31	0	12	4	11	2209
1_	29	4	13:24:31	0	10	2	12	1020
1_	29	4	13:24:31	0	7	9	13	712
1_	29	4	13:24:31	0	3	15	14	669
1_	29	4	13:24:31	0	18	16	15	813
1_	29	4	13:24:31	0	11	6	16	1270
1_	29	4	13:24:31	0	8	15	17	1046
1_	29	4	13:24:31	0	16	3	18	1034
1_	34	1	13:41:57	1	4	4	1	10227
1_	34	1	13:41:57	0	8	3	2	6051
1_	34	1	13:41:57	0	16	18	3	3865
1_	34	1	13:41:57	1	6	6	4	2265
1_	34	1	13:41:57	0	11	13	5	1956
1_	34	1	13:41:57	0	12	11	6	2963
1_	34	1	13:41:57	0	17	6	7	3996
1_	34	1	13:41:57	0	2	14	8	3468
1_	34	1	13:41:57	0	9	16	9	3132
1_	34	1	13:41:57	0	14	11	10	3721
1_	34	1	13:41:57	1	7	7	11	1856
1_	34	1	13:41:57	0	1	5	12	6819
1_	34	1	13:41:57	0	13	18	13	1577
1_	34	1	13:41:57	0	5	12	14	2643
1_	34	1	13:41:57	1	10	10	15	2026
1_	34	1	13:41:57	0	3	13	16	2737
1_	34	1	13:41:57	0	15	1	17	1439
1_	34	1	13:41:57	0	18	5	18	1404
2_	29	3	13:17:44	0	8	4	1	878
2_	29	3	13:17:44	0	11	3	2	556
2_	29	3	13:17:44	0	4	18	3	734
2_	29	3	13:17:44	0	3	1	4	959
2_	29	3	13:17:44	0	13	8	5	1583
2_	29	3	13:17:44	0	1	8	6	1721
2_	29	3	13:17:44	0	14	12	7	778
2_	29	3	13:17:44	0	9	12	8	374
2_	29	3	13:17:44	0	18	8	9	732
2_	29	3	13:17:44	1	15	15	10	2095
2_	29	3	13:17:44	0	7	16	11	1365
2_	29	3	13:17:44	0	17	4	12	4376
2_	29	3	13:17:44	0	10	9	13	3335
2_	29	3	13:17:44	0	5	1	14	1631
2_	29	3	13:17:44	0	16	3	15	1875
2_	29	3	13:17:44	0	6	4	16	1067
2_	29	3	13:17:44	1	2	2	17	1029
2_	29	3	13:17:44	0	12	3	18	2833
2_	34	2	13:55:33	0	1	9	1	4274
2_	34	2	13:55:33	0	14	10	2	1696
2_	34	2	13:55:33	1	16	16	3	2312
2_	34	2	13:55:33	1	7	7	4	2664
2_	34	2	13:55:33	0	11	2	5	4093
2_	34	2	13:55:33	0	9	18	6	2733
2_	34	2	13:55:33	0	4	18	7	1265
2_	34	2	13:55:33	0	15	12	8	3873
2_	34	2	13:55:33	0	18	14	9	1059
2_	34	2	13:55:33	1	3	3	10	2500
2_	34	2	13:55:33	0	12	1	11	2377
2_	34	2	13:55:33	0	10	15	12	1609
2_	34	2	13:55:33	0	5	11	13	1659
2_	34	2	13:55:33	0	17	15	14	1069
2_	34	2	13:55:33	0	2	5	15	5070
2_	34	2	13:55:33	0	8	1	16	3229
2_	34	2	13:55:33	0	6	13	17	5436
2_	34	2	13:55:33	0	13	12	18	1888
3_	29	2	13:10:49	0	7	4	1	1464
3_	29	2	13:10:49	0	11	13	2	938
3_	29	2	13:10:49	0	2	3	3	2075
3_	29	2	13:10:49	0	10	3	4	919
3_	29	2	13:10:49	0	17	11	5	704
3_	29	2	13:10:49	0	18	16	6	1833
3_	29	2	13:10:49	0	14	8	7	2205
3_	29	2	13:10:49	0	1	12	8	2850
3_	29	2	13:10:49	1	8	8	9	2426
3_	29	2	13:10:49	0	6	2	10	2680
3_	29	2	13:10:49	0	5	15	11	1718
3_	29	2	13:10:49	0	4	7	12	2461
3_	29	2	13:10:49	0	16	14	13	2354
3_	29	2	13:10:49	0	12	9	14	1486
3_	29	2	13:10:49	0	15	13	15	1707
3_	29	2	13:10:49	0	3	9	16	1640
3_	29	2	13:10:49	0	9	5	17	1462
3_	29	2	13:10:49	0	13	16	18	1156
3_	34	3	14:03:05	0	5	2	1	6907
3_	34	3	14:03:05	0	1	12	2	1640
3_	34	3	14:03:05	1	8	8	3	4403
3_	34	3	14:03:05	0	6	17	4	3402
3_	34	3	14:03:05	0	2	7	5	6480
3_	34	3	14:03:05	1	3	3	6	1820
3_	34	3	14:03:05	0	4	10	7	3651
3_	34	3	14:03:05	0	14	11	8	2698
3_	34	3	14:03:05	0	11	5	9	2371
3_	34	3	14:03:05	0	15	4	10	4129
3_	34	3	14:03:05	0	17	18	11	1933
3_	34	3	14:03:05	0	12	6	12	3555
3_	34	3	14:03:05	0	7	9	13	2919
3_	34	3	14:03:05	0	16	14	14	4504
3_	34	3	14:03:05	0	9	4	15	3181
3_	34	3	14:03:05	0	10	15	16	2442
3_	34	3	14:03:05	1	13	13	17	1948
3_	34	3	14:03:05	0	18	1	18	7615
4_	29	1	13:03:20	0	3	16	1	2176
4_	29	1	13:03:20	0	13	16	2	1710
4_	29	1	13:03:20	0	7	10	3	1458
4_	29	1	13:03:20	0	14	13	4	1493
4_	29	1	13:03:20	1	15	15	5	2181
4_	29	1	13:03:20	0	9	12	6	4276
4_	29	1	13:03:20	0	16	6	7	5820
4_	29	1	13:03:20	0	18	10	8	2132
4_	29	1	13:03:20	0	12	17	9	1489
4_	29	1	13:03:20	0	5	7	10	1569
4_	29	1	13:03:20	0	10	8	11	2569
4_	29	1	13:03:20	1	2	2	12	1490
4_	29	1	13:03:20	0	6	11	13	4436
4_	29	1	13:03:20	0	17	1	14	2143
4_	29	1	13:03:20	0	4	1	15	3103
4_	29	1	13:03:20	0	11	5	16	5321
4_	29	1	13:03:20	0	1	10	17	1277
4_	29	1	13:03:20	0	8	18	18	5017
1_	27	4	13:50:50	0	2	13	1	3721
1_	27	4	13:50:50	1	7	7	2	1920
1_	27	4	13:50:50	1	16	16	3	2441
1_	27	4	13:50:50	0	9	2	4	2241
1_	27	4	13:50:50	0	15	9	5	4114
1_	27	4	13:50:50	0	6	5	6	2809
1_	27	4	13:50:50	0	5	6	7	1968
1_	27	4	13:50:50	1	10	10	8	3072
1_	27	4	13:50:50	0	18	8	9	3081
1_	27	4	13:50:50	1	4	4	10	1248
1_	27	4	13:50:50	0	1	15	11	5197
1_	27	4	13:50:50	0	13	11	12	3521
1_	27	4	13:50:50	0	11	12	13	2994
1_	27	4	13:50:50	0	12	18	14	6706
1_	27	4	13:50:50	0	3	2	15	3623
1_	27	4	13:50:50	0	17	18	16	5338
1_	27	4	13:50:50	0	8	13	17	3801
1_	27	4	13:50:50	0	14	11	18	2872
1_	32	1	14:02:35	0	4	18	1	10304
1_	32	1	14:02:35	0	18	4	2	7831
1_	32	1	14:02:35	0	13	12	3	1978
1_	32	1	14:02:35	0	11	13	4	3906
1_	32	1	14:02:35	1	8	8	5	5882
1_	32	1	14:02:35	1	7	7	6	1654
1_	32	1	14:02:35	0	12	2	7	7190
1_	32	1	14:02:35	0	9	15	8	4484
1_	32	1	14:02:35	0	10	14	9	7719
1_	32	1	14:02:35	0	1	9	10	8509
1_	32	1	14:02:35	0	3	10	11	7454
1_	32	1	14:02:35	0	5	14	12	5060
1_	32	1	14:02:35	0	2	9	13	5597
1_	32	1	14:02:35	0	15	4	14	6576
1_	32	1	14:02:35	0	6	12	15	1847
1_	32	1	14:02:35	0	14	15	16	2177
1_	32	1	14:02:35	0	17	2	17	4412
1_	32	1	14:02:35	0	16	6	18	2797
2_	27	3	13:43:00	1	10	10	1	2249
2_	27	3	13:43:00	1	15	15	2	1602
2_	27	3	13:43:00	0	3	4	3	5170
2_	27	3	13:43:00	1	17	17	4	1464
2_	27	3	13:43:00	0	12	2	5	4664
2_	27	3	13:43:00	0	14	11	6	6071
2_	27	3	13:43:00	0	11	12	7	2868
2_	27	3	13:43:00	1	8	8	8	5558
2_	27	3	13:43:00	1	7	7	9	1357
2_	27	3	13:43:00	1	18	18	10	2121
2_	27	3	13:43:00	0	5	1	11	2561
2_	27	3	13:43:00	1	16	16	12	4186
2_	27	3	13:43:00	0	4	14	13	2251
2_	27	3	13:43:00	1	6	6	14	3216
2_	27	3	13:43:00	1	13	13	15	2710
2_	27	3	13:43:00	1	9	9	16	2039
2_	27	3	13:43:00	1	2	2	17	3634
2_	27	3	13:43:00	0	1	13	18	6777
2_	32	2	14:11:44	0	12	5	1	1587
2_	32	2	14:11:44	1	4	4	2	1445
2_	32	2	14:11:44	0	10	15	3	1884
2_	32	2	14:11:44	0	3	2	4	5621
2_	32	2	14:11:44	0	1	11	5	2061
2_	32	2	14:11:44	0	13	14	6	2001
2_	32	2	14:11:44	0	18	7	7	1876
2_	32	2	14:11:44	0	15	17	8	4934
2_	32	2	14:11:44	0	8	9	9	1907
2_	32	2	14:11:44	0	9	2	10	1088
2_	32	2	14:11:44	0	17	8	11	1215
2_	32	2	14:11:44	0	7	5	12	883
2_	32	2	14:11:44	0	2	12	13	827
2_	32	2	14:11:44	0	5	15	14	1669
2_	32	2	14:11:44	0	11	13	15	1392
2_	32	2	14:11:44	0	6	7	16	846
2_	32	2	14:11:44	0	16	5	17	3316
2_	32	2	14:11:44	0	14	1	18	1843
3_	27	2	13:34:50	0	1	14	1	4458
3_	27	2	13:34:50	1	12	12	2	7164
3_	27	2	13:34:50	0	4	1	3	6935
3_	27	2	13:34:50	1	11	11	4	5044
3_	27	2	13:34:50	0	8	7	5	3454
3_	27	2	13:34:50	1	6	6	6	1554
3_	27	2	13:34:50	1	18	18	7	2727
3_	27	2	13:34:50	1	3	3	8	2070
3_	27	2	13:34:50	0	17	5	9	2291
3_	27	2	13:34:50	0	7	15	10	8880
3_	27	2	13:34:50	0	10	17	11	7417
3_	27	2	13:34:50	1	9	9	12	3212
3_	27	2	13:34:50	1	2	2	13	1402
3_	27	2	13:34:50	0	15	4	14	4300
3_	27	2	13:34:50	1	16	16	15	1821
3_	27	2	13:34:50	0	14	18	16	6179
3_	27	2	13:34:50	1	5	5	17	2585
3_	27	2	13:34:50	1	13	13	18	2197
3_	32	3	14:19:54	0	9	7	1	1254
3_	32	3	14:19:54	0	3	9	2	1446
3_	32	3	14:19:54	0	17	6	3	1325
3_	32	3	14:19:54	0	12	3	4	873
3_	32	3	14:19:54	0	6	11	5	1297
3_	32	3	14:19:54	0	5	8	6	1248
3_	32	3	14:19:54	0	16	5	7	1261
3_	32	3	14:19:54	0	8	10	8	1744
3_	32	3	14:19:54	0	1	5	9	1071
3_	32	3	14:19:54	0	10	6	10	1301
3_	32	3	14:19:54	0	13	10	11	1288
3_	32	3	14:19:54	0	4	18	12	978
3_	32	3	14:19:54	0	18	13	13	1604
3_	32	3	14:19:54	1	14	14	14	1025
3_	32	3	14:19:54	0	2	8	15	866
3_	32	3	14:19:54	0	7	10	16	806
3_	32	3	14:19:54	1	11	11	17	3482
3_	32	3	14:19:54	0	15	14	18	1163
4_	27	1	13:25:32	1	17	17	1	2935
4_	27	1	13:25:32	1	6	6	2	4764
4_	27	1	13:25:32	0	4	1	3	3962
4_	27	1	13:25:32	0	7	9	4	4982
4_	27	1	13:25:32	1	15	15	5	2239
4_	27	1	13:25:32	1	8	8	6	2263
4_	27	1	13:25:32	0	12	13	7	6396
4_	27	1	13:25:32	0	10	12	8	7743
4_	27	1	13:25:32	0	9	11	9	4347
4_	27	1	13:25:32	0	14	12	10	1792
4_	27	1	13:25:32	0	1	16	11	9482
4_	27	1	13:25:32	0	2	7	12	6646
4_	27	1	13:25:32	0	13	4	13	3190
4_	27	1	13:25:32	0	5	14	14	7961
4_	27	1	13:25:32	0	3	6	15	4122
4_	27	1	13:25:32	0	11	1	16	4734
4_	27	1	13:25:32	0	16	17	17	3337
4_	27	1	13:25:32	1	18	18	18	2647
4_	32	4	14:27:26	0	3	4	1	3942
4_	32	4	14:27:26	0	2	12	2	1710
4_	32	4	14:27:26	0	17	15	3	1196
4_	32	4	14:27:26	0	14	13	4	1144
4_	32	4	14:27:26	0	15	2	5	1434
4_	32	4	14:27:26	0	12	3	6	985
4_	32	4	14:27:26	0	8	6	7	1521
4_	32	4	14:27:26	1	11	11	8	1629
4_	32	4	14:27:26	0	1	2	9	949
4_	32	4	14:27:26	0	6	18	10	1332
4_	32	4	14:27:26	0	9	7	11	2781
4_	32	4	14:27:26	0	4	17	12	1255
4_	32	4	14:27:26	0	18	1	13	1256
4_	32	4	14:27:26	0	5	9	14	3136
4_	32	4	14:27:26	1	16	16	15	1116
4_	32	4	14:27:26	0	7	14	16	1710
4_	32	4	14:27:26	0	13	9	17	1592
4_	32	4	14:27:26	0	10	5	18	1683
1_	28	4	13:38:05	1	17	17	1	7959
1_	28	4	13:38:05	1	4	4	2	3008
1_	28	4	13:38:05	0	6	13	3	2618
1_	28	4	13:38:05	0	8	1	4	6650
1_	28	4	13:38:05	0	15	8	5	4225
1_	28	4	13:38:05	0	18	17	6	5553
1_	28	4	13:38:05	0	16	10	7	7621
1_	28	4	13:38:05	0	1	11	8	9715
1_	28	4	13:38:05	1	7	7	9	1500
1_	28	4	13:38:05	0	12	5	10	4553
1_	28	4	13:38:05	0	11	3	11	5477
1_	28	4	13:38:05	0	14	9	12	1931
1_	28	4	13:38:05	0	9	14	13	5447
1_	28	4	13:38:05	0	13	11	14	7462
1_	28	4	13:38:05	0	3	18	15	5776
1_	28	4	13:38:05	0	2	15	16	8461
1_	28	4	13:38:05	1	5	5	17	4923
1_	28	4	13:38:05	0	10	9	18	8578
1_	33	1	13:47:06	0	9	2	1	9302
1_	33	1	13:47:06	0	2	18	2	8222
1_	33	1	13:47:06	0	10	5	3	11527
1_	33	1	13:47:06	1	12	12	4	1422
1_	33	1	13:47:06	0	17	9	5	7716
1_	33	1	13:47:06	0	18	4	6	3219
1_	33	1	13:47:06	1	3	3	7	5597
1_	33	1	13:47:06	0	13	6	8	4257
1_	33	1	13:47:06	0	11	9	9	4341
1_	33	1	13:47:06	0	5	17	10	3093
1_	33	1	13:47:06	0	4	7	11	6910
1_	33	1	13:47:06	0	8	11	12	5330
1_	33	1	13:47:06	0	16	15	13	6679
1_	33	1	13:47:06	1	14	14	14	1001
1_	33	1	13:47:06	0	6	5	15	3394
1_	33	1	13:47:06	1	7	7	16	2356
1_	33	1	13:47:06	0	15	18	17	5449
1_	33	1	13:47:06	1	1	1	18	2488
2_	28	3	13:30:07	1	8	8	1	6974
2_	28	3	13:30:07	0	10	16	2	8268
2_	28	3	13:30:07	0	1	10	3	6972
2_	28	3	13:30:07	0	2	4	4	11922
2_	28	3	13:30:07	0	4	14	5	4250
2_	28	3	13:30:07	0	6	9	6	2543
2_	28	3	13:30:07	0	12	5	7	4560
2_	28	3	13:30:07	1	18	18	8	5539
2_	28	3	13:30:07	0	16	6	9	4925
2_	28	3	13:30:07	1	11	11	10	3106
2_	28	3	13:30:07	0	3	11	11	4414
2_	28	3	13:30:07	1	7	7	12	4185
2_	28	3	13:30:07	0	13	16	13	12587
2_	28	3	13:30:07	1	5	5	14	1388
2_	28	3	13:30:07	1	9	9	15	1853
2_	28	3	13:30:07	1	17	17	16	17066
2_	28	3	13:30:07	0	14	2	17	4536
2_	28	3	13:30:07	1	15	15	18	1113
2_	33	2	13:59:42	1	1	1	1	14078
2_	33	2	13:59:42	1	11	11	2	2489
2_	33	2	13:59:42	0	10	16	3	5292
2_	33	2	13:59:42	1	7	7	4	2121
2_	33	2	13:59:42	0	17	14	5	6964
2_	33	2	13:59:42	1	5	5	6	2043
2_	33	2	13:59:42	0	16	4	7	4931
2_	33	2	13:59:42	1	3	3	8	2626
2_	33	2	13:59:42	1	4	4	9	8230
2_	33	2	13:59:42	0	13	6	10	3624
2_	33	2	13:59:42	0	8	10	11	5733
2_	33	2	13:59:42	1	12	12	12	2362
2_	33	2	13:59:42	0	14	8	13	7090
2_	33	2	13:59:42	0	2	8	14	7946
2_	33	2	13:59:42	1	18	18	15	4243
2_	33	2	13:59:42	1	15	15	16	1858
2_	33	2	13:59:42	0	6	2	17	13695
2_	33	2	13:59:42	0	9	18	18	4237
3_	28	2	13:21:41	0	8	5	1	7055
3_	28	2	13:21:41	0	18	15	2	6729
3_	28	2	13:21:41	0	15	18	3	3078
3_	28	2	13:21:41	0	11	16	4	9120
3_	28	2	13:21:41	0	16	2	5	6701
3_	28	2	13:21:41	0	7	9	6	15192
3_	28	2	13:21:41	0	6	16	7	6112
3_	28	2	13:21:41	1	17	17	8	3154
3_	28	2	13:21:41	0	5	7	9	12008
3_	28	2	13:21:41	0	1	8	10	13049
3_	28	2	13:21:41	0	12	1	11	5030
3_	28	2	13:21:41	1	14	14	12	10065
3_	28	2	13:21:41	1	10	10	13	2027
3_	28	2	13:21:41	1	3	3	14	1705
3_	28	2	13:21:41	0	4	8	15	10205
3_	28	2	13:21:41	1	13	13	16	1844
3_	28	2	13:21:41	0	9	16	17	8475
3_	28	2	13:21:41	1	2	2	18	10031
3_	33	3	14:07:58	0	16	18	1	9161
3_	33	3	14:07:58	0	17	3	2	3394
3_	33	3	14:07:58	1	13	13	3	1988
3_	33	3	14:07:58	0	11	12	4	7751
3_	33	3	14:07:58	0	6	2	5	10996
3_	33	3	14:07:58	0	3	18	6	4729
3_	33	3	14:07:58	0	18	6	7	7459
3_	33	3	14:07:58	0	10	9	8	5121
3_	33	3	14:07:58	1	8	8	9	3058
3_	33	3	14:07:58	1	12	12	10	1645
3_	33	3	14:07:58	1	5	5	11	2964
3_	33	3	14:07:58	1	14	14	12	1654
3_	33	3	14:07:58	1	1	1	13	1952
3_	33	3	14:07:58	0	9	11	14	12542
3_	33	3	14:07:58	1	4	4	15	3693
3_	33	3	14:07:58	1	7	7	16	2240
3_	33	3	14:07:58	1	15	15	17	1250
3_	33	3	14:07:58	0	2	6	18	9528
4_	28	1	13:12:07	0	6	17	1	3477
4_	28	1	13:12:07	0	1	2	2	10641
4_	28	1	13:12:07	0	12	4	3	6235
4_	28	1	13:12:07	0	13	18	4	8039
4_	28	1	13:12:07	0	10	5	5	6634
4_	28	1	13:12:07	1	3	3	6	5260
4_	28	1	13:12:07	1	14	14	7	5967
4_	28	1	13:12:07	0	2	13	8	9361
4_	28	1	13:12:07	0	5	17	9	3401
4_	28	1	13:12:07	0	16	1	10	6905
4_	28	1	13:12:07	0	8	11	11	2437
4_	28	1	13:12:07	0	17	8	12	7447
4_	28	1	13:12:07	1	15	15	13	4087
4_	28	1	13:12:07	1	18	18	14	5522
4_	28	1	13:12:07	1	11	11	15	1740
4_	28	1	13:12:07	1	7	7	16	5724
4_	28	1	13:12:07	1	9	9	17	3057
4_	28	1	13:12:07	0	4	8	18	7253
4_	33	4	14:15:56	1	7	7	1	7923
4_	33	4	14:15:56	0	1	10	2	3842
4_	33	4	14:15:56	1	2	2	3	6786
4_	33	4	14:15:56	0	6	15	4	8037
4_	33	4	14:15:56	0	13	11	5	3526
4_	33	4	14:15:56	0	4	14	6	6268
4_	33	4	14:15:56	0	5	12	7	5723
4_	33	4	14:15:56	0	11	16	8	4272
4_	33	4	14:15:56	0	18	1	9	8360
4_	33	4	14:15:56	1	10	10	10	1649
4_	33	4	14:15:56	1	8	8	11	1769
4_	33	4	14:15:56	0	9	4	12	5762
4_	33	4	14:15:56	0	12	15	13	2012
4_	33	4	14:15:56	0	15	6	14	2705
4_	33	4	14:15:56	0	14	13	15	3987
4_	33	4	14:15:56	1	17	17	16	2203
4_	33	4	14:15:56	1	16	16	17	3868
4_	33	4	14:15:56	1	3	3	18	3588
