ExperimentName	Subject	Session	Correct	CorrectAns	CorrectLoc	SessionTime	Response	TestList.Sample	TestSlide.RT
1_1x4	13	1	0	16	13	16:14:56	2	1	6260
1_1x4	13	1	1	7	4	16:14:56	7	2	9265
1_1x4	13	1	0	10	13	16:14:56	13	3	1787
1_1x4	13	1	0	12	3	16:14:56	3	4	2854
1_1x4	13	1	0	6	16	16:14:56	4	5	11378
1_1x4	13	1	0	4	6	16:14:56	11	6	8480
1_1x4	13	1	0	2	18	16:14:56	7	7	10595
1_1x4	13	1	0	14	9	16:14:56	11	8	5127
1_1x4	13	1	1	18	17	16:14:56	18	9	3709
1_1x4	13	1	0	3	14	16:14:56	16	10	2433
1_1x4	13	1	0	5	10	16:14:56	3	11	1677
1_1x4	13	1	0	15	8	16:14:56	17	12	3703
1_1x4	13	1	0	8	2	16:14:56	1	13	9421
1_1x4	13	1	0	1	6	16:14:56	2	14	2627
1_1x4	13	1	0	9	16	16:14:56	4	15	2337
1_1x4	13	1	0	13	11	16:14:56	17	16	1742
1_1x4	13	1	0	17	8	16:14:56	13	17	1923
1_1x4	13	1	0	11	13	16:14:56	14	18	2537
1_1x4	17	4	1	13	11	17:37:50	13	1	2243
1_1x4	17	4	0	12	3	17:37:50	3	2	3529
1_1x4	17	4	1	14	9	17:37:50	14	3	1509
1_1x4	17	4	1	6	16	17:37:50	6	4	2004
1_1x4	17	4	1	11	13	17:37:50	11	5	2930
1_1x4	17	4	0	9	16	17:37:50	8	6	1758
1_1x4	17	4	0	4	6	17:37:50	15	7	1685
1_1x4	17	4	0	16	13	17:37:50	10	8	1663
1_1x4	17	4	0	1	6	17:37:50	16	9	2580
1_1x4	17	4	0	8	2	17:37:50	5	10	1242
1_1x4	17	4	1	7	4	17:37:50	7	11	1236
1_1x4	17	4	0	10	13	17:37:50	15	12	1972
1_1x4	17	4	0	5	10	17:37:50	1	13	3707
1_1x4	17	4	0	18	17	17:37:50	2	14	4070
1_1x4	17	4	0	15	8	17:37:50	5	15	1838
1_1x4	17	4	0	17	8	17:37:50	2	16	3705
1_1x4	17	4	0	3	14	17:37:50	4	17	4007
1_1x4	17	4	0	2	18	17:37:50	1	18	2312
1_1x4	21	4	0	9	16	11:02:31	3	1	3530
1_1x4	21	4	0	16	13	11:02:31	14	2	1607
1_1x4	21	4	0	11	13	11:02:31	2	3	3303
1_1x4	21	4	0	1	6	11:02:31	11	4	1605
1_1x4	21	4	0	4	6	11:02:31	6	5	1859
1_1x4	21	4	0	8	2	11:02:31	7	6	2129
1_1x4	21	4	0	17	8	11:02:31	16	7	3821
1_1x4	21	4	0	5	10	11:02:31	15	8	1508
1_1x4	21	4	0	15	8	11:02:31	4	9	1632
1_1x4	21	4	0	7	4	11:02:31	9	10	3514
1_1x4	21	4	0	6	16	11:02:31	9	11	1643
1_1x4	21	4	0	10	13	11:02:31	5	12	2177
1_1x4	21	4	0	3	14	11:02:31	1	13	1936
1_1x4	21	4	0	18	17	11:02:31	17	14	3635
1_1x4	21	4	0	2	18	11:02:31	10	15	2542
1_1x4	21	4	1	12	3	11:02:31	12	16	2180
1_1x4	21	4	1	13	11	11:02:31	13	17	3179
1_1x4	21	4	0	14	9	11:02:31	18	18	1722
1_1x4	26	1	0	9	16	11:11:49	18	1	3415
1_1x4	26	1	0	11	13	11:11:49	4	2	2252
1_1x4	26	1	0	13	11	11:11:49	9	3	2497
1_1x4	26	1	0	6	16	11:11:49	7	4	1762
1_1x4	26	1	0	7	4	11:11:49	1	5	4897
1_1x4	26	1	0	17	8	11:11:49	13	6	2006
1_1x4	26	1	1	16	13	11:11:49	16	7	1673
1_1x4	26	1	0	15	8	11:11:49	2	8	1714
1_1x4	26	1	0	8	2	11:11:49	15	9	2954
1_1x4	26	1	0	2	18	11:11:49	14	10	3247
1_1x4	26	1	1	5	10	11:11:49	5	11	2462
1_1x4	26	1	0	14	9	11:11:49	12	12	1458
1_1x4	26	1	0	12	3	11:11:49	3	13	2054
1_1x4	26	1	0	1	6	11:11:49	9	14	4306
1_1x4	26	1	0	4	6	11:11:49	15	15	1353
1_1x4	26	1	0	3	14	11:11:49	10	16	3076
1_1x4	26	1	0	18	17	11:11:49	2	17	1844
1_1x4	26	1	0	10	13	11:11:49	9	18	1403
1_1x4	4	1	1	13	11	14:38:40	13	1	6560
1_1x4	4	1	0	1	6	14:38:40	2	2	4467
1_1x4	4	1	0	14	9	14:38:40	13	3	2132
1_1x4	4	1	0	9	16	14:38:40	11	4	1897
1_1x4	4	1	0	5	10	14:38:40	14	5	3808
1_1x4	4	1	0	6	16	14:38:40	17	6	2781
1_1x4	4	1	0	17	8	14:38:40	10	7	2144
1_1x4	4	1	1	18	17	14:38:40	18	8	3851
1_1x4	4	1	0	15	8	14:38:40	6	9	4225
1_1x4	4	1	0	3	14	14:38:40	16	10	2992
1_1x4	4	1	1	12	3	14:38:40	12	11	3002
1_1x4	4	1	0	2	18	14:38:40	5	12	2360
1_1x4	4	1	0	4	6	14:38:40	8	13	5546
1_1x4	4	1	0	7	4	14:38:40	4	14	2133
1_1x4	4	1	0	10	13	14:38:40	9	15	4880
1_1x4	4	1	0	16	13	14:38:40	5	16	5180
1_1x4	4	1	0	11	13	14:38:40	16	17	2153
1_1x4	4	1	0	8	2	14:38:40	4	18	1070
1_1x4	8	4	0	5	10	16:04:49	1	1	3287
1_1x4	8	4	0	10	13	16:04:49	13	2	4365
1_1x4	8	4	1	7	4	16:04:49	7	3	2518
1_1x4	8	4	1	17	8	16:04:49	17	4	1672
1_1x4	8	4	1	15	8	16:04:49	15	5	947
1_1x4	8	4	0	14	9	16:04:49	18	6	4244
1_1x4	8	4	0	9	16	16:04:49	8	7	1988
1_1x4	8	4	0	12	3	16:04:49	10	8	4095
1_1x4	8	4	0	4	6	16:04:49	5	9	3399
1_1x4	8	4	0	1	6	16:04:49	8	10	4157
1_1x4	8	4	0	16	13	16:04:49	4	11	6667
1_1x4	8	4	0	13	11	16:04:49	14	12	2448
1_1x4	8	4	0	3	14	16:04:49	13	13	9498
1_1x4	8	4	0	8	2	16:04:49	9	14	2485
1_1x4	8	4	0	11	13	16:04:49	12	15	4029
1_1x4	8	4	0	18	17	16:04:49	16	16	1908
1_1x4	8	4	1	6	16	16:04:49	6	17	2592
1_1x4	8	4	0	2	18	16:04:49	11	18	2171
2_1x3	13	2	1	14	9	16:25:06	14	1	1913
2_1x3	13	2	1	18	17	16:25:06	18	2	2458
2_1x3	13	2	1	8	2	16:25:06	8	3	2488
2_1x3	13	2	1	13	11	16:25:06	13	4	6000
2_1x3	13	2	1	16	13	16:25:06	16	5	4146
2_1x3	13	2	1	12	3	16:25:06	12	6	2689
2_1x3	13	2	1	7	4	16:25:06	7	7	1303
2_1x3	13	2	1	15	8	16:25:06	15	8	2247
2_1x3	13	2	1	2	18	16:25:06	2	9	4766
2_1x3	13	2	1	4	6	16:25:06	4	10	1352
2_1x3	13	2	1	1	6	16:25:06	1	11	1084
2_1x3	13	2	1	11	13	16:25:06	11	12	1752
2_1x3	13	2	1	5	10	16:25:06	5	13	5735
2_1x3	13	2	0	6	16	16:25:06	9	14	9647
2_1x3	13	2	1	3	14	16:25:06	3	15	2534
2_1x3	13	2	0	10	13	16:25:06	6	16	1674
2_1x3	13	2	0	9	16	16:25:06	10	17	4337
2_1x3	13	2	1	17	8	16:25:06	17	18	1876
2_1x3	17	3	1	1	6	17:27:05	1	1	1524
2_1x3	17	3	1	7	4	17:27:05	7	2	9962
2_1x3	17	3	1	17	8	17:27:05	17	3	5979
2_1x3	17	3	1	3	14	17:27:05	3	4	3809
2_1x3	17	3	1	2	18	17:27:05	2	5	1764
2_1x3	17	3	0	4	6	17:27:05	5	6	13414
2_1x3	17	3	1	14	9	17:27:05	14	7	1831
2_1x3	17	3	0	8	2	17:27:05	15	8	10067
2_1x3	17	3	1	5	10	17:27:05	5	9	8088
2_1x3	17	3	0	10	13	17:27:05	4	10	9865
2_1x3	17	3	1	6	16	17:27:05	6	11	8552
2_1x3	17	3	1	11	13	17:27:05	11	12	1877
2_1x3	17	3	1	18	17	17:27:05	18	13	3987
2_1x3	17	3	1	12	3	17:27:05	12	14	16675
2_1x3	17	3	1	13	11	17:27:05	13	15	1962
2_1x3	17	3	1	16	13	17:27:05	16	16	1904
2_1x3	17	3	0	9	16	17:27:05	5	17	5529
2_1x3	17	3	1	15	8	17:27:05	15	18	22325
2_1x3	21	3	1	15	8	10:52:45	15	1	5083
2_1x3	21	3	1	10	13	10:52:45	10	2	1205
2_1x3	21	3	0	17	8	10:52:45	16	3	5908
2_1x3	21	3	1	7	4	10:52:45	7	4	1649
2_1x3	21	3	0	18	17	10:52:45	14	5	3665
2_1x3	21	3	0	9	16	10:52:45	11	6	4160
2_1x3	21	3	0	14	9	10:52:45	12	7	5793
2_1x3	21	3	0	1	6	10:52:45	8	8	1979
2_1x3	21	3	0	5	10	10:52:45	17	9	4266
2_1x3	21	3	1	2	18	10:52:45	2	10	2370
2_1x3	21	3	0	16	13	10:52:45	13	11	3410
2_1x3	21	3	0	6	16	10:52:45	5	12	3822
2_1x3	21	3	1	4	6	10:52:45	4	13	1988
2_1x3	21	3	1	12	3	10:52:45	12	14	2334
2_1x3	21	3	0	13	11	10:52:45	18	15	2893
2_1x3	21	3	0	11	13	10:52:45	18	16	4891
2_1x3	21	3	0	3	14	10:52:45	1	17	1908
2_1x3	21	3	0	8	2	10:52:45	3	18	4216
2_1x3	26	2	0	4	6	11:22:00	6	1	1604
2_1x3	26	2	1	10	13	11:22:00	10	2	4767
2_1x3	26	2	1	13	11	11:22:00	13	3	1728
2_1x3	26	2	1	17	8	11:22:00	17	4	3467
2_1x3	26	2	1	1	6	11:22:00	1	5	1508
2_1x3	26	2	1	7	4	11:22:00	7	6	6386
2_1x3	26	2	1	9	16	11:22:00	9	7	3372
2_1x3	26	2	1	11	13	11:22:00	11	8	2802
2_1x3	26	2	1	14	9	11:22:00	14	9	10383
2_1x3	26	2	1	16	13	11:22:00	16	10	5620
2_1x3	26	2	0	18	17	11:22:00	17	11	9283
2_1x3	26	2	1	12	3	11:22:00	12	12	2158
2_1x3	26	2	1	3	14	11:22:00	3	13	4240
2_1x3	26	2	1	2	18	11:22:00	2	14	1891
2_1x3	26	2	0	15	8	11:22:00	9	15	8540
2_1x3	26	2	0	6	16	11:22:00	18	16	9724
2_1x3	26	2	0	5	10	11:22:00	15	17	4292
2_1x3	26	2	1	8	2	11:22:00	8	18	6253
2_1x3	4	2	1	15	8	14:52:05	15	1	5995
2_1x3	4	2	1	7	4	14:52:05	7	2	1336
2_1x3	4	2	0	1	6	14:52:05	2	3	3057
2_1x3	4	2	1	18	17	14:52:05	18	4	4548
2_1x3	4	2	0	2	18	14:52:05	11	5	6897
2_1x3	4	2	0	9	16	14:52:05	3	6	2698
2_1x3	4	2	1	5	10	14:52:05	5	7	1849
2_1x3	4	2	1	4	6	14:52:05	4	8	3163
2_1x3	4	2	0	3	14	14:52:05	15	9	4179
2_1x3	4	2	1	17	8	14:52:05	17	10	2882
2_1x3	4	2	1	8	2	14:52:05	8	11	1485
2_1x3	4	2	1	14	9	14:52:05	14	12	2081
2_1x3	4	2	1	13	11	14:52:05	13	13	3286
2_1x3	4	2	1	10	13	14:52:05	10	14	3257
2_1x3	4	2	1	12	3	14:52:05	12	15	1437
2_1x3	4	2	0	6	16	14:52:05	16	16	4785
2_1x3	4	2	0	16	13	14:52:05	11	17	1978
2_1x3	4	2	0	11	13	14:52:05	16	18	4392
2_1x3	8	3	1	8	2	15:55:03	8	1	2531
2_1x3	8	3	0	4	6	15:55:03	14	2	2032
2_1x3	8	3	0	18	17	15:55:03	1	3	4429
2_1x3	8	3	0	3	14	15:55:03	4	4	1929
2_1x3	8	3	1	11	13	15:55:03	11	5	1175
2_1x3	8	3	1	15	8	15:55:03	15	6	2540
2_1x3	8	3	0	1	6	15:55:03	9	7	4431
2_1x3	8	3	1	6	16	15:55:03	6	8	10001
2_1x3	8	3	0	9	16	15:55:03	13	9	4502
2_1x3	8	3	0	14	9	15:55:03	16	10	2707
2_1x3	8	3	0	5	10	15:55:03	9	11	4281
2_1x3	8	3	0	13	11	15:55:03	17	12	4563
2_1x3	8	3	0	16	13	15:55:03	17	13	5628
2_1x3	8	3	0	17	8	15:55:03	2	14	3764
2_1x3	8	3	1	7	4	15:55:03	7	15	1807
2_1x3	8	3	1	12	3	15:55:03	12	16	1831
2_1x3	8	3	0	2	18	15:55:03	10	17	4075
2_1x3	8	3	1	10	13	15:55:03	10	18	10475
3_3x3_1nsy	13	3	1	6	16	16:34:39	6	1	3025
3_3x3_1nsy	13	3	0	8	2	16:34:39	11	2	8109
3_3x3_1nsy	13	3	0	7	4	16:34:39	15	3	2189
3_3x3_1nsy	13	3	0	14	9	16:34:39	9	4	7126
3_3x3_1nsy	13	3	0	3	14	16:34:39	17	5	5003
3_3x3_1nsy	13	3	0	17	8	16:34:39	14	6	17410
3_3x3_1nsy	13	3	0	15	8	16:34:39	5	7	2124
3_3x3_1nsy	13	3	0	5	10	16:34:39	7	8	1535
3_3x3_1nsy	13	3	0	9	16	16:34:39	3	9	7001
3_3x3_1nsy	13	3	0	13	11	16:34:39	4	10	3695
3_3x3_1nsy	13	3	1	18	17	16:34:39	18	11	4351
3_3x3_1nsy	13	3	1	2	18	16:34:39	2	12	1700
3_3x3_1nsy	13	3	0	11	13	16:34:39	16	13	2289
3_3x3_1nsy	13	3	0	4	6	16:34:39	13	14	4065
3_3x3_1nsy	13	3	0	16	13	16:34:39	4	15	17136
3_3x3_1nsy	13	3	0	10	13	16:34:39	5	16	1898
3_3x3_1nsy	13	3	1	1	6	16:34:39	1	17	4809
3_3x3_1nsy	13	3	0	12	3	16:34:39	1	18	4092
3_3x3_1nsy	17	2	0	12	3	17:15:20	4	1	14958
3_3x3_1nsy	17	2	1	17	8	17:15:20	17	2	4075
3_3x3_1nsy	17	2	0	14	9	17:15:20	7	3	13811
3_3x3_1nsy	17	2	0	10	13	17:15:20	7	4	2860
3_3x3_1nsy	17	2	0	2	18	17:15:20	13	5	4991
3_3x3_1nsy	17	2	0	8	2	17:15:20	1	6	5201
3_3x3_1nsy	17	2	0	9	16	17:15:20	6	7	2464
3_3x3_1nsy	17	2	1	16	13	17:15:20	16	8	4435
3_3x3_1nsy	17	2	0	6	16	17:15:20	16	9	5111
3_3x3_1nsy	17	2	0	18	17	17:15:20	8	10	5809
3_3x3_1nsy	17	2	0	4	6	17:15:20	10	11	2238
3_3x3_1nsy	17	2	0	3	14	17:15:20	9	12	4447
3_3x3_1nsy	17	2	0	13	11	17:15:20	2	13	1743
3_3x3_1nsy	17	2	0	7	4	17:15:20	15	14	3008
3_3x3_1nsy	17	2	0	5	10	17:15:20	1	15	3442
3_3x3_1nsy	17	2	0	11	13	17:15:20	14	16	1395
3_3x3_1nsy	17	2	1	15	8	17:15:20	15	17	1516
3_3x3_1nsy	17	2	0	1	6	17:15:20	4	18	11402
3_3x3_1nsy	21	2	1	17	8	10:41:06	17	1	4812
3_3x3_1nsy	21	2	0	13	11	10:41:06	14	2	7294
3_3x3_1nsy	21	2	0	7	4	10:41:06	12	3	2150
3_3x3_1nsy	21	2	0	5	10	10:41:06	7	4	1588
3_3x3_1nsy	21	2	1	1	6	10:41:06	1	5	3247
3_3x3_1nsy	21	2	0	6	16	10:41:06	18	6	4845
3_3x3_1nsy	21	2	1	15	8	10:41:06	15	7	1237
3_3x3_1nsy	21	2	0	3	14	10:41:06	13	8	6984
3_3x3_1nsy	21	2	1	4	6	10:41:06	4	9	1954
3_3x3_1nsy	21	2	1	2	18	10:41:06	2	10	2169
3_3x3_1nsy	21	2	0	12	3	10:41:06	6	11	7802
3_3x3_1nsy	21	2	0	10	13	10:41:06	3	12	7368
3_3x3_1nsy	21	2	0	18	17	10:41:06	5	13	1846
3_3x3_1nsy	21	2	0	16	13	10:41:06	17	14	3543
3_3x3_1nsy	21	2	0	14	9	10:41:06	11	15	4585
3_3x3_1nsy	21	2	0	11	13	10:41:06	16	16	7627
3_3x3_1nsy	21	2	1	8	2	10:41:06	8	17	2290
3_3x3_1nsy	21	2	0	9	16	10:41:06	10	18	11849
3_3x3_1nsy	26	3	1	12	3	11:32:31	12	1	4011
3_3x3_1nsy	26	3	1	5	10	11:32:31	5	2	4116
3_3x3_1nsy	26	3	0	15	8	11:32:31	9	3	3369
3_3x3_1nsy	26	3	0	6	16	11:32:31	12	4	2157
3_3x3_1nsy	26	3	0	17	8	11:32:31	16	5	3882
3_3x3_1nsy	26	3	0	8	2	11:32:31	10	6	1864
3_3x3_1nsy	26	3	0	9	16	11:32:31	7	7	3243
3_3x3_1nsy	26	3	1	1	6	11:32:31	1	8	1043
3_3x3_1nsy	26	3	1	4	6	11:32:31	4	9	1434
3_3x3_1nsy	26	3	0	13	11	11:32:31	17	10	3596
3_3x3_1nsy	26	3	0	2	18	11:32:31	17	11	4499
3_3x3_1nsy	26	3	0	3	14	11:32:31	15	12	2053
3_3x3_1nsy	26	3	0	16	13	11:32:31	13	13	2890
3_3x3_1nsy	26	3	0	14	9	11:32:31	18	14	1515
3_3x3_1nsy	26	3	0	10	13	11:32:31	14	15	3683
3_3x3_1nsy	26	3	0	18	17	11:32:31	10	16	3264
3_3x3_1nsy	26	3	0	7	4	11:32:31	3	17	2282
3_3x3_1nsy	26	3	0	11	13	11:32:31	18	18	2408
3_3x3_1nsy	4	3	0	12	3	15:01:56	17	1	3156
3_3x3_1nsy	4	3	0	17	8	15:01:56	5	2	4673
3_3x3_1nsy	4	3	0	5	10	15:01:56	7	3	3286
3_3x3_1nsy	4	3	0	8	2	15:01:56	14	4	2422
3_3x3_1nsy	4	3	0	11	13	15:01:56	2	5	5188
3_3x3_1nsy	4	3	0	4	6	15:01:56	12	6	2750
3_3x3_1nsy	4	3	1	10	13	15:01:56	10	7	4699
3_3x3_1nsy	4	3	1	18	17	15:01:56	18	8	4150
3_3x3_1nsy	4	3	0	9	16	15:01:56	17	9	2385
3_3x3_1nsy	4	3	0	7	4	15:01:56	6	10	1474
3_3x3_1nsy	4	3	1	15	8	15:01:56	15	11	5514
3_3x3_1nsy	4	3	0	3	14	15:01:56	16	12	3427
3_3x3_1nsy	4	3	0	14	9	15:01:56	18	13	2555
3_3x3_1nsy	4	3	0	1	6	15:01:56	3	14	3454
3_3x3_1nsy	4	3	0	2	18	15:01:56	3	15	1107
3_3x3_1nsy	4	3	0	16	13	15:01:56	8	16	6648
3_3x3_1nsy	4	3	0	6	16	15:01:56	4	17	3935
3_3x3_1nsy	4	3	1	13	11	15:01:56	13	18	2138
3_3x3_1nsy	8	2	1	15	8	15:43:48	15	1	1819
3_3x3_1nsy	8	2	0	12	3	15:43:48	5	2	2939
3_3x3_1nsy	8	2	0	17	8	15:43:48	7	3	5978
3_3x3_1nsy	8	2	1	14	9	15:43:48	14	4	1079
3_3x3_1nsy	8	2	0	11	13	15:43:48	17	5	6628
3_3x3_1nsy	8	2	0	16	13	15:43:48	9	6	2971
3_3x3_1nsy	8	2	0	7	4	15:43:48	3	7	2209
3_3x3_1nsy	8	2	1	6	16	15:43:48	6	8	2834
3_3x3_1nsy	8	2	0	1	6	15:43:48	4	9	7776
3_3x3_1nsy	8	2	0	9	16	15:43:48	5	10	6084
3_3x3_1nsy	8	2	0	8	2	15:43:48	1	11	5434
3_3x3_1nsy	8	2	0	2	18	15:43:48	8	12	7404
3_3x3_1nsy	8	2	0	13	11	15:43:48	11	13	4002
3_3x3_1nsy	8	2	0	4	6	15:43:48	13	14	4951
3_3x3_1nsy	8	2	1	10	13	15:43:48	10	15	2107
3_3x3_1nsy	8	2	0	18	17	15:43:48	12	16	2498
3_3x3_1nsy	8	2	0	3	14	15:43:48	17	17	8049
3_3x3_1nsy	8	2	0	5	10	15:43:48	7	18	2136
4_4x4_2nsy	13	4	0	2	18	16:46:22	17	1	2390
4_4x4_2nsy	13	4	0	6	16	16:46:22	13	2	6423
4_4x4_2nsy	13	4	0	9	16	16:46:22	8	3	2485
4_4x4_2nsy	13	4	1	15	8	16:46:22	15	4	1834
4_4x4_2nsy	13	4	0	1	6	16:46:22	16	5	2724
4_4x4_2nsy	13	4	0	3	14	16:46:22	6	6	1872
4_4x4_2nsy	13	4	0	8	2	16:46:22	4	7	1289
4_4x4_2nsy	13	4	0	10	13	16:46:22	18	8	5330
4_4x4_2nsy	13	4	0	16	13	16:46:22	5	9	2055
4_4x4_2nsy	13	4	0	12	3	16:46:22	3	10	7666
4_4x4_2nsy	13	4	0	5	10	16:46:22	12	11	2273
4_4x4_2nsy	13	4	0	18	17	16:46:22	10	12	5977
4_4x4_2nsy	13	4	0	17	8	16:46:22	6	13	1888
4_4x4_2nsy	13	4	0	7	4	16:46:22	2	14	3404
4_4x4_2nsy	13	4	0	11	13	16:46:22	13	15	8153
4_4x4_2nsy	13	4	0	13	11	16:46:22	11	16	6015
4_4x4_2nsy	13	4	0	4	6	16:46:22	1	17	4279
4_4x4_2nsy	13	4	1	14	9	16:46:22	14	18	13228
4_4x4_2nsy	17	1	0	6	16	17:00:32	7	1	7682
4_4x4_2nsy	17	1	0	13	11	17:00:32	2	2	4893
4_4x4_2nsy	17	1	1	4	6	17:00:32	4	3	12565
4_4x4_2nsy	17	1	0	18	17	17:00:32	11	4	1727
4_4x4_2nsy	17	1	0	11	13	17:00:32	8	5	8156
4_4x4_2nsy	17	1	0	7	4	17:00:32	10	6	3344
4_4x4_2nsy	17	1	0	10	13	17:00:32	18	7	10787
4_4x4_2nsy	17	1	0	1	6	17:00:32	16	8	3970
4_4x4_2nsy	17	1	0	14	9	17:00:32	9	9	3568
4_4x4_2nsy	17	1	1	3	14	17:00:32	3	10	2746
4_4x4_2nsy	17	1	0	15	8	17:00:32	6	11	6731
4_4x4_2nsy	17	1	0	16	13	17:00:32	18	12	7672
4_4x4_2nsy	17	1	0	5	10	17:00:32	14	13	6503
4_4x4_2nsy	17	1	0	2	18	17:00:32	17	14	2820
4_4x4_2nsy	17	1	0	12	3	17:00:32	2	15	7785
4_4x4_2nsy	17	1	0	8	2	17:00:32	5	16	8155
4_4x4_2nsy	17	1	0	17	8	17:00:32	8	17	7178
4_4x4_2nsy	17	1	0	9	16	17:00:32	11	18	1919
4_4x4_2nsy	21	1	0	18	17	09:46:55	14	1	5571
4_4x4_2nsy	21	1	0	3	14	09:46:55	7	2	2404
4_4x4_2nsy	21	1	0	5	10	09:46:55	3	3	2715
4_4x4_2nsy	21	1	0	2	18	09:46:55	3	4	3163
4_4x4_2nsy	21	1	0	10	13	09:46:55	1	5	4262
4_4x4_2nsy	21	1	0	16	13	09:46:55	10	6	4879
4_4x4_2nsy	21	1	1	6	16	09:46:55	6	7	7779
4_4x4_2nsy	21	1	0	12	3	09:46:55	8	8	7793
4_4x4_2nsy	21	1	0	17	8	09:46:55	6	9	3324
4_4x4_2nsy	21	1	0	1	6	09:46:55	10	10	5468
4_4x4_2nsy	21	1	0	9	16	09:46:55	11	11	3533
4_4x4_2nsy	21	1	0	14	9	09:46:55	13	12	3081
4_4x4_2nsy	21	1	0	13	11	09:46:55	15	13	6885
4_4x4_2nsy	21	1	0	4	6	09:46:55	16	14	1712
4_4x4_2nsy	21	1	0	15	8	09:46:55	4	15	4351
4_4x4_2nsy	21	1	1	7	4	09:46:55	7	16	6438
4_4x4_2nsy	21	1	0	11	13	09:46:55	13	17	2304
4_4x4_2nsy	21	1	1	8	2	09:46:55	8	18	8110
4_4x4_2nsy	26	4	0	13	11	11:43:53	7	1	1622
4_4x4_2nsy	26	4	0	2	18	11:43:53	3	2	2828
4_4x4_2nsy	26	4	0	17	8	11:43:53	6	3	2651
4_4x4_2nsy	26	4	0	8	2	11:43:53	2	4	1251
4_4x4_2nsy	26	4	0	11	13	11:43:53	5	5	2603
4_4x4_2nsy	26	4	0	14	9	11:43:53	1	6	2081
4_4x4_2nsy	26	4	0	12	3	11:43:53	10	7	1972
4_4x4_2nsy	26	4	0	6	16	11:43:53	17	8	1467
4_4x4_2nsy	26	4	0	15	8	11:43:53	1	9	2882
4_4x4_2nsy	26	4	0	18	17	11:43:53	11	10	2135
4_4x4_2nsy	26	4	0	3	14	11:43:53	13	11	4379
4_4x4_2nsy	26	4	0	9	16	11:43:53	4	12	1906
4_4x4_2nsy	26	4	0	1	6	11:43:53	3	13	1405
4_4x4_2nsy	26	4	0	5	10	11:43:53	18	14	3193
4_4x4_2nsy	26	4	0	4	6	11:43:53	8	15	3099
4_4x4_2nsy	26	4	0	16	13	11:43:53	4	16	2698
4_4x4_2nsy	26	4	0	10	13	11:43:53	15	17	1803
4_4x4_2nsy	26	4	0	7	4	11:43:53	11	18	2089
4_4x4_2nsy	4	4	0	3	14	15:13:12	7	1	7576
4_4x4_2nsy	4	4	1	14	9	15:13:12	14	2	5246
4_4x4_2nsy	4	4	0	12	3	15:13:12	8	3	2285
4_4x4_2nsy	4	4	0	17	8	15:13:12	13	4	4488
4_4x4_2nsy	4	4	0	4	6	15:13:12	1	5	1781
4_4x4_2nsy	4	4	0	2	18	15:13:12	15	6	3195
4_4x4_2nsy	4	4	0	15	8	15:13:12	11	7	1273
4_4x4_2nsy	4	4	0	11	13	15:13:12	18	8	4553
4_4x4_2nsy	4	4	0	16	13	15:13:12	17	9	3329
4_4x4_2nsy	4	4	0	1	6	15:13:12	4	10	2715
4_4x4_2nsy	4	4	0	7	4	15:13:12	5	11	2987
4_4x4_2nsy	4	4	0	5	10	15:13:12	13	12	1901
4_4x4_2nsy	4	4	1	6	16	15:13:12	6	13	5922
4_4x4_2nsy	4	4	0	13	11	15:13:12	16	14	1810
4_4x4_2nsy	4	4	0	10	13	15:13:12	4	15	2061
4_4x4_2nsy	4	4	0	18	17	15:13:12	15	16	13368
4_4x4_2nsy	4	4	0	9	16	15:13:12	6	17	1785
4_4x4_2nsy	4	4	0	8	2	15:13:12	12	18	2787
4_4x4_2nsy	8	1	0	16	13	15:26:30	15	1	3843
4_4x4_2nsy	8	1	0	10	13	15:26:30	3	2	2091
4_4x4_2nsy	8	1	0	6	16	15:26:30	16	3	1938
4_4x4_2nsy	8	1	0	4	6	15:26:30	15	4	4560
4_4x4_2nsy	8	1	1	8	2	15:26:30	8	5	2742
4_4x4_2nsy	8	1	0	15	8	15:26:30	2	6	4598
4_4x4_2nsy	8	1	0	2	18	15:26:30	16	7	1493
4_4x4_2nsy	8	1	1	17	8	15:26:30	17	8	2662
4_4x4_2nsy	8	1	0	5	10	15:26:30	12	9	2568
4_4x4_2nsy	8	1	0	12	3	15:26:30	14	10	3691
4_4x4_2nsy	8	1	0	18	17	15:26:30	17	11	2243
4_4x4_2nsy	8	1	0	7	4	15:26:30	2	12	3529
4_4x4_2nsy	8	1	0	11	13	15:26:30	13	13	4095
4_4x4_2nsy	8	1	0	9	16	15:26:30	10	14	6383
4_4x4_2nsy	8	1	0	13	11	15:26:30	4	15	3017
4_4x4_2nsy	8	1	0	3	14	15:26:30	18	16	4723
4_4x4_2nsy	8	1	0	14	9	15:26:30	6	17	6939
4_4x4_2nsy	8	1	0	1	6	15:26:30	5	18	2732
1_1x4	12	1	0	3	14	16:00:09	13	1	12616
1_1x4	12	1	0	18	17	16:00:09	5	2	5842
1_1x4	12	1	0	17	8	16:00:09	15	3	2929
1_1x4	12	1	0	9	16	16:00:09	10	4	3335
1_1x4	12	1	1	4	6	16:00:09	4	5	2027
1_1x4	12	1	0	8	2	16:00:09	14	6	4202
1_1x4	12	1	0	7	4	16:00:09	2	7	4232
1_1x4	12	1	0	14	9	16:00:09	12	8	2704
1_1x4	12	1	0	13	11	16:00:09	17	9	4418
1_1x4	12	1	0	12	3	16:00:09	3	10	4895
1_1x4	12	1	0	5	10	16:00:09	9	11	5414
1_1x4	12	1	0	1	6	16:00:09	16	12	5569
1_1x4	12	1	0	11	13	16:00:09	18	13	2690
1_1x4	12	1	0	6	16	16:00:09	15	14	3317
1_1x4	12	1	0	2	18	16:00:09	7	15	3307
1_1x4	12	1	0	10	13	16:00:09	8	16	1777
1_1x4	12	1	0	16	13	16:00:09	1	17	2942
1_1x4	12	1	0	15	8	16:00:09	5	18	5104
1_1x4	24	4	0	18	17	10:50:11	4	1	6669
1_1x4	24	4	0	10	13	10:50:11	2	2	7208
1_1x4	24	4	1	7	4	10:50:11	7	3	1141
1_1x4	24	4	1	13	11	10:50:11	13	4	3214
1_1x4	24	4	0	14	9	10:50:11	17	5	6450
1_1x4	24	4	1	5	10	10:50:11	5	6	1449
1_1x4	24	4	1	9	16	10:50:11	9	7	4312
1_1x4	24	4	0	2	18	10:50:11	10	8	8420
1_1x4	24	4	0	6	16	10:50:11	15	9	3843
1_1x4	24	4	0	4	6	10:50:11	12	10	3066
1_1x4	24	4	0	3	14	10:50:11	1	11	3035
1_1x4	24	4	1	11	13	10:50:11	11	12	2550
1_1x4	24	4	0	17	8	10:50:11	16	13	6793
1_1x4	24	4	1	8	2	10:50:11	8	14	3428
1_1x4	24	4	1	15	8	10:50:11	15	15	6324
1_1x4	24	4	0	16	13	10:50:11	14	16	5577
1_1x4	24	4	0	1	6	10:50:11	10	17	6646
1_1x4	24	4	0	12	3	10:50:11	16	18	11030
1_1x4	28	1	0	7	4	11:02:11	16	1	4831
1_1x4	28	1	0	10	13	11:02:11	9	2	3794
1_1x4	28	1	0	16	13	11:02:11	9	3	3125
1_1x4	28	1	0	6	16	11:02:11	3	4	3234
1_1x4	28	1	0	8	2	11:02:11	4	5	1948
1_1x4	28	1	0	17	8	11:02:11	18	6	2714
1_1x4	28	1	0	4	6	11:02:11	10	7	4104
1_1x4	28	1	0	1	6	11:02:11	2	8	2552
1_1x4	28	1	1	11	13	11:02:11	11	9	1237
1_1x4	28	1	0	3	14	11:02:11	14	10	1087
1_1x4	28	1	1	5	10	11:02:11	5	11	1173
1_1x4	28	1	1	9	16	11:02:11	9	12	2266
1_1x4	28	1	0	12	3	11:02:11	17	13	4242
1_1x4	28	1	0	13	11	11:02:11	11	14	5321
1_1x4	28	1	0	18	17	11:02:11	17	15	5673
1_1x4	28	1	0	15	8	11:02:11	18	16	5489
1_1x4	28	1	0	2	18	11:02:11	10	17	3170
1_1x4	28	1	0	14	9	11:02:11	12	18	1844
1_1x4	9	4	0	12	3	15:50:55	3	1	1517
1_1x4	9	4	1	7	4	15:50:55	7	2	1495
1_1x4	9	4	0	10	13	15:50:55	4	3	1449
1_1x4	9	4	0	2	18	15:50:55	8	4	987
1_1x4	9	4	0	17	8	15:50:55	12	5	820
1_1x4	9	4	0	11	13	15:50:55	18	6	1328
1_1x4	9	4	0	6	16	15:50:55	9	7	1161
1_1x4	9	4	1	14	9	15:50:55	14	8	869
1_1x4	9	4	0	9	16	15:50:55	11	9	1034
1_1x4	9	4	0	13	11	15:50:55	5	10	1014
1_1x4	9	4	0	8	2	15:50:55	1	11	925
1_1x4	9	4	0	3	14	15:50:55	10	12	3396
1_1x4	9	4	0	1	6	15:50:55	2	13	2409
1_1x4	9	4	0	4	6	15:50:55	17	14	4735
1_1x4	9	4	0	15	8	15:50:55	8	15	3493
1_1x4	9	4	0	16	13	15:50:55	14	16	6114
1_1x4	9	4	1	5	10	15:50:55	5	17	1698
1_1x4	9	4	0	18	17	15:50:55	11	18	1787
2_1x3	12	2	0	6	16	16:10:21	17	1	6438
2_1x3	12	2	1	8	2	16:10:21	8	2	3256
2_1x3	12	2	0	11	13	16:10:21	6	3	4222
2_1x3	12	2	1	14	9	16:10:21	14	4	1707
2_1x3	12	2	1	10	13	16:10:21	10	5	3655
2_1x3	12	2	1	13	11	16:10:21	13	6	2884
2_1x3	12	2	0	17	8	16:10:21	2	7	994
2_1x3	12	2	0	2	18	16:10:21	9	8	6142
2_1x3	12	2	0	15	8	16:10:21	13	9	7015
2_1x3	12	2	1	16	13	16:10:21	16	10	2993
2_1x3	12	2	0	9	16	16:10:21	11	11	4460
2_1x3	12	2	0	18	17	16:10:21	9	12	2744
2_1x3	12	2	0	3	14	16:10:21	9	13	7552
2_1x3	12	2	1	1	6	16:10:21	1	14	1968
2_1x3	12	2	1	12	3	16:10:21	12	15	2011
2_1x3	12	2	0	5	10	16:10:21	10	16	5467
2_1x3	12	2	1	7	4	16:10:21	7	17	1699
2_1x3	12	2	1	4	6	16:10:21	4	18	4320
2_1x3	24	3	1	15	8	10:40:00	15	1	5223
2_1x3	24	3	1	12	3	10:40:00	12	2	2246
2_1x3	24	3	1	8	2	10:40:00	8	3	9516
2_1x3	24	3	1	1	6	10:40:00	1	4	4363
2_1x3	24	3	1	16	13	10:40:00	16	5	2189
2_1x3	24	3	0	2	18	10:40:00	4	6	7799
2_1x3	24	3	1	9	16	10:40:00	9	7	2991
2_1x3	24	3	1	3	14	10:40:00	3	8	11337
2_1x3	24	3	1	18	17	10:40:00	18	9	6690
2_1x3	24	3	1	17	8	10:40:00	17	10	1803
2_1x3	24	3	1	13	11	10:40:00	13	11	14305
2_1x3	24	3	1	14	9	10:40:00	14	12	2492
2_1x3	24	3	1	10	13	10:40:00	10	13	7797
2_1x3	24	3	1	6	16	10:40:00	6	14	4019
2_1x3	24	3	1	11	13	10:40:00	11	15	2145
2_1x3	24	3	1	7	4	10:40:00	7	16	2179
2_1x3	24	3	1	5	10	10:40:00	5	17	1706
2_1x3	24	3	1	4	6	10:40:00	4	18	11189
2_1x3	28	2	0	5	10	11:12:21	9	1	7465
2_1x3	28	2	1	14	9	11:12:21	14	2	1799
2_1x3	28	2	1	2	18	11:12:21	2	3	2519
2_1x3	28	2	1	12	3	11:12:21	12	4	2904
2_1x3	28	2	1	10	13	11:12:21	10	5	12733
2_1x3	28	2	0	4	6	11:12:21	11	6	5593
2_1x3	28	2	1	7	4	11:12:21	7	7	1740
2_1x3	28	2	1	1	6	11:12:21	1	8	2157
2_1x3	28	2	0	9	16	11:12:21	16	9	7458
2_1x3	28	2	1	18	17	11:12:21	18	10	2845
2_1x3	28	2	1	16	13	11:12:21	16	11	5813
2_1x3	28	2	0	6	16	11:12:21	10	12	5143
2_1x3	28	2	1	3	14	11:12:21	3	13	6337
2_1x3	28	2	0	15	8	11:12:21	8	14	1545
2_1x3	28	2	1	8	2	11:12:21	8	15	1508
2_1x3	28	2	0	11	13	11:12:21	16	16	3201
2_1x3	28	2	0	13	11	11:12:21	15	17	2910
2_1x3	28	2	0	17	8	11:12:21	15	18	2553
2_1x3	9	3	0	11	13	15:41:11	6	1	1782
2_1x3	9	3	0	15	8	15:41:11	17	2	9923
2_1x3	9	3	1	1	6	15:41:11	1	3	5212
2_1x3	9	3	0	6	16	15:41:11	17	4	6234
2_1x3	9	3	0	16	13	15:41:11	5	5	2861
2_1x3	9	3	1	8	2	15:41:11	8	6	1598
2_1x3	9	3	1	7	4	15:41:11	7	7	1237
2_1x3	9	3	1	13	11	15:41:11	13	8	1880
2_1x3	9	3	0	17	8	15:41:11	2	9	1116
2_1x3	9	3	0	18	17	15:41:11	9	10	7381
2_1x3	9	3	0	2	18	15:41:11	15	11	5299
2_1x3	9	3	0	4	6	15:41:11	18	12	7866
2_1x3	9	3	1	12	3	15:41:11	12	13	768
2_1x3	9	3	0	9	16	15:41:11	4	14	9554
2_1x3	9	3	0	10	13	15:41:11	14	15	5094
2_1x3	9	3	0	3	14	15:41:11	10	16	5566
2_1x3	9	3	0	5	10	15:41:11	16	17	7960
2_1x3	9	3	1	14	9	15:41:11	14	18	1014
3_3x3_1nsy	12	3	0	2	18	16:20:02	15	1	7953
3_3x3_1nsy	12	3	0	9	16	16:20:02	5	2	4454
3_3x3_1nsy	12	3	0	13	11	16:20:02	2	3	3572
3_3x3_1nsy	12	3	0	16	13	16:20:02	18	4	3975
3_3x3_1nsy	12	3	0	10	13	16:20:02	12	5	6397
3_3x3_1nsy	12	3	0	5	10	16:20:02	15	6	5155
3_3x3_1nsy	12	3	0	4	6	16:20:02	17	7	4472
3_3x3_1nsy	12	3	0	11	13	16:20:02	6	8	3636
3_3x3_1nsy	12	3	0	6	16	16:20:02	8	9	2757
3_3x3_1nsy	12	3	1	14	9	16:20:02	14	10	1593
3_3x3_1nsy	12	3	0	7	4	16:20:02	13	11	1731
3_3x3_1nsy	12	3	0	12	3	16:20:02	9	12	2425
3_3x3_1nsy	12	3	0	15	8	16:20:02	12	13	2904
3_3x3_1nsy	12	3	0	3	14	16:20:02	7	14	6285
3_3x3_1nsy	12	3	0	8	2	16:20:02	1	15	2616
3_3x3_1nsy	12	3	0	17	8	16:20:02	12	16	3588
3_3x3_1nsy	12	3	0	1	6	16:20:02	16	17	3757
3_3x3_1nsy	12	3	0	18	17	16:20:02	9	18	4586
3_3x3_1nsy	24	2	0	2	18	10:28:25	6	1	1688
3_3x3_1nsy	24	2	1	9	16	10:28:25	9	2	2556
3_3x3_1nsy	24	2	0	7	4	10:28:25	1	3	4618
3_3x3_1nsy	24	2	0	1	6	10:28:25	17	4	7100
3_3x3_1nsy	24	2	0	13	11	10:28:25	5	5	5636
3_3x3_1nsy	24	2	1	12	3	10:28:25	12	6	2202
3_3x3_1nsy	24	2	1	15	8	10:28:25	15	7	1330
3_3x3_1nsy	24	2	1	8	2	10:28:25	8	8	2423
3_3x3_1nsy	24	2	1	10	13	10:28:25	10	9	1749
3_3x3_1nsy	24	2	0	18	17	10:28:25	3	10	3458
3_3x3_1nsy	24	2	0	4	6	10:28:25	2	11	7638
3_3x3_1nsy	24	2	0	14	9	10:28:25	16	12	5574
3_3x3_1nsy	24	2	1	11	13	10:28:25	11	13	11479
3_3x3_1nsy	24	2	0	16	13	10:28:25	4	14	6073
3_3x3_1nsy	24	2	0	6	16	10:28:25	13	15	6333
3_3x3_1nsy	24	2	0	17	8	10:28:25	5	16	7488
3_3x3_1nsy	24	2	0	5	10	10:28:25	7	17	8155
3_3x3_1nsy	24	2	0	3	14	10:28:25	14	18	1616
3_3x3_1nsy	28	3	0	5	10	11:22:18	8	1	6090
3_3x3_1nsy	28	3	1	14	9	11:22:18	14	2	1653
3_3x3_1nsy	28	3	0	18	17	11:22:18	10	3	7174
3_3x3_1nsy	28	3	0	8	2	11:22:18	18	4	4386
3_3x3_1nsy	28	3	0	12	3	11:22:18	4	5	2949
3_3x3_1nsy	28	3	0	15	8	11:22:18	12	6	4778
3_3x3_1nsy	28	3	1	13	11	11:22:18	13	7	1777
3_3x3_1nsy	28	3	0	6	16	11:22:18	7	8	1351
3_3x3_1nsy	28	3	0	9	16	11:22:18	11	9	5708
3_3x3_1nsy	28	3	0	11	13	11:22:18	9	10	6713
3_3x3_1nsy	28	3	0	7	4	11:22:18	15	11	1324
3_3x3_1nsy	28	3	0	4	6	11:22:18	12	12	2222
3_3x3_1nsy	28	3	1	1	6	11:22:18	1	13	1485
3_3x3_1nsy	28	3	1	3	14	11:22:18	3	14	2345
3_3x3_1nsy	28	3	1	17	8	11:22:18	17	15	1395
3_3x3_1nsy	28	3	0	10	13	11:22:18	6	16	2537
3_3x3_1nsy	28	3	1	2	18	11:22:18	2	17	2451
3_3x3_1nsy	28	3	1	16	13	11:22:18	16	18	3074
3_3x3_1nsy	9	2	0	2	18	15:29:54	8	1	2646
3_3x3_1nsy	9	2	1	1	6	15:29:54	1	2	5164
3_3x3_1nsy	9	2	0	15	8	15:29:54	13	3	3886
3_3x3_1nsy	9	2	0	14	9	15:29:54	17	4	2393
3_3x3_1nsy	9	2	0	9	16	15:29:54	5	5	2878
3_3x3_1nsy	9	2	0	13	11	15:29:54	11	6	3840
3_3x3_1nsy	9	2	0	3	14	15:29:54	14	7	2244
3_3x3_1nsy	9	2	0	8	2	15:29:54	18	8	5660
3_3x3_1nsy	9	2	1	10	13	15:29:54	10	9	1310
3_3x3_1nsy	9	2	0	18	17	15:29:54	6	10	7013
3_3x3_1nsy	9	2	0	5	10	15:29:54	13	11	3686
3_3x3_1nsy	9	2	0	12	3	15:29:54	2	12	5163
3_3x3_1nsy	9	2	0	6	16	15:29:54	12	13	1513
3_3x3_1nsy	9	2	0	16	13	15:29:54	13	14	11485
3_3x3_1nsy	9	2	0	11	13	15:29:54	5	15	7344
3_3x3_1nsy	9	2	1	7	4	15:29:54	7	16	4793
3_3x3_1nsy	9	2	0	17	8	15:29:54	9	17	4479
3_3x3_1nsy	9	2	1	4	6	15:29:54	4	18	1364
4_4x4_2nsy	12	4	1	15	8	16:31:12	15	1	2180
4_4x4_2nsy	12	4	0	7	4	16:31:12	3	2	4650
4_4x4_2nsy	12	4	1	9	16	16:31:12	9	3	3888
4_4x4_2nsy	12	4	0	13	11	16:31:12	17	4	6713
4_4x4_2nsy	12	4	0	16	13	16:31:12	17	5	6634
4_4x4_2nsy	12	4	0	2	18	16:31:12	16	6	2181
4_4x4_2nsy	12	4	0	12	3	16:31:12	13	7	4234
4_4x4_2nsy	12	4	0	1	6	16:31:12	9	8	2638
4_4x4_2nsy	12	4	0	5	10	16:31:12	18	9	5033
4_4x4_2nsy	12	4	0	10	13	16:31:12	15	10	7659
4_4x4_2nsy	12	4	0	3	14	16:31:12	14	11	7352
4_4x4_2nsy	12	4	0	4	6	16:31:12	8	12	1884
4_4x4_2nsy	12	4	1	11	13	16:31:12	11	13	1407
4_4x4_2nsy	12	4	0	8	2	16:31:12	1	14	1524
4_4x4_2nsy	12	4	0	14	9	16:31:12	12	15	1640
4_4x4_2nsy	12	4	0	17	8	16:31:12	10	16	3099
4_4x4_2nsy	12	4	0	6	16	16:31:12	17	17	4244
4_4x4_2nsy	12	4	0	18	17	16:31:12	1	18	2795
4_4x4_2nsy	22	1	0	18	17	10:13:13	16	1	9461
4_4x4_2nsy	22	1	0	3	14	10:13:13	13	2	12475
4_4x4_2nsy	22	1	0	2	18	10:13:13	13	3	8067
4_4x4_2nsy	22	1	0	15	8	10:13:13	12	4	2642
4_4x4_2nsy	22	1	0	17	8	10:13:13	18	5	7393
4_4x4_2nsy	22	1	0	9	16	10:13:13	15	6	10520
4_4x4_2nsy	22	1	0	6	16	10:13:13	1	7	7613
4_4x4_2nsy	22	1	0	10	13	10:13:13	6	8	5591
4_4x4_2nsy	22	1	0	14	9	10:13:13	3	9	10937
4_4x4_2nsy	22	1	0	8	2	10:13:13	7	10	2018
4_4x4_2nsy	22	1	0	5	10	10:13:13	2	11	3233
4_4x4_2nsy	22	1	1	16	13	10:13:13	16	12	6275
4_4x4_2nsy	22	1	0	7	4	10:13:13	5	13	9365
4_4x4_2nsy	22	1	0	1	6	10:13:13	4	14	4253
4_4x4_2nsy	22	1	1	4	6	10:13:13	4	15	1030
4_4x4_2nsy	22	1	0	13	11	10:13:13	8	16	7263
4_4x4_2nsy	22	1	0	12	3	10:13:13	15	17	1851
4_4x4_2nsy	22	1	0	11	13	10:13:13	17	18	7258
4_4x4_2nsy	28	4	0	15	8	11:33:20	11	1	2295
4_4x4_2nsy	28	4	0	10	13	11:33:20	18	2	4103
4_4x4_2nsy	28	4	0	13	11	11:33:20	15	3	4563
4_4x4_2nsy	28	4	0	3	14	11:33:20	18	4	6614
4_4x4_2nsy	28	4	0	8	2	11:33:20	10	5	2484
4_4x4_2nsy	28	4	0	12	3	11:33:20	16	6	1038
4_4x4_2nsy	28	4	0	7	4	11:33:20	14	7	1063
4_4x4_2nsy	28	4	0	11	13	11:33:20	10	8	2387
4_4x4_2nsy	28	4	0	17	8	11:33:20	14	9	2175
4_4x4_2nsy	28	4	0	4	6	11:33:20	3	10	2812
4_4x4_2nsy	28	4	0	9	16	11:33:20	4	11	1413
4_4x4_2nsy	28	4	0	16	13	11:33:20	1	12	3292
4_4x4_2nsy	28	4	0	6	16	11:33:20	8	13	2969
4_4x4_2nsy	28	4	0	18	17	11:33:20	11	14	3627
4_4x4_2nsy	28	4	1	5	10	11:33:20	5	15	2298
4_4x4_2nsy	28	4	1	2	18	11:33:20	2	16	4410
4_4x4_2nsy	28	4	0	1	6	11:33:20	2	17	1389
4_4x4_2nsy	28	4	0	14	9	11:33:20	9	18	2151
4_4x4_2nsy	9	1	0	15	8	15:06:14	1	1	2523
4_4x4_2nsy	9	1	0	4	6	15:06:14	18	2	6339
4_4x4_2nsy	9	1	0	12	3	15:06:14	3	3	1997
4_4x4_2nsy	9	1	0	7	4	15:06:14	15	4	2866
4_4x4_2nsy	9	1	0	1	6	15:06:14	14	5	4387
4_4x4_2nsy	9	1	0	9	16	15:06:14	4	6	2677
4_4x4_2nsy	9	1	0	17	8	15:06:14	9	7	5016
4_4x4_2nsy	9	1	1	2	18	15:06:14	2	8	1907
4_4x4_2nsy	9	1	0	16	13	15:06:14	12	9	4287
4_4x4_2nsy	9	1	0	10	13	15:06:14	16	10	1979
4_4x4_2nsy	9	1	0	18	17	15:06:14	12	11	1626
4_4x4_2nsy	9	1	0	14	9	15:06:14	6	12	7112
4_4x4_2nsy	9	1	0	11	13	15:06:14	17	13	8235
4_4x4_2nsy	9	1	0	13	11	15:06:14	10	14	5373
4_4x4_2nsy	9	1	0	3	14	15:06:14	13	15	4778
4_4x4_2nsy	9	1	0	5	10	15:06:14	18	16	3913
4_4x4_2nsy	9	1	1	8	2	15:06:14	8	17	4833
4_4x4_2nsy	9	1	0	6	16	15:06:14	5	18	7644
1_1x4	11	1	0	16	13	16:04:51	10	1	3242
1_1x4	11	1	0	4	6	16:04:51	16	2	3841
1_1x4	11	1	0	9	16	16:04:51	6	3	4347
1_1x4	11	1	0	13	11	16:04:51	1	4	6170
1_1x4	11	1	1	5	10	16:04:51	5	5	1938
1_1x4	11	1	1	11	13	16:04:51	11	6	3677
1_1x4	11	1	0	6	16	16:04:51	12	7	2944
1_1x4	11	1	0	17	8	16:04:51	8	8	2603
1_1x4	11	1	0	12	3	16:04:51	10	9	3543
1_1x4	11	1	1	7	4	16:04:51	7	10	4154
1_1x4	11	1	0	18	17	16:04:51	2	11	2368
1_1x4	11	1	0	1	6	16:04:51	8	12	5033
1_1x4	11	1	0	14	9	16:04:51	1	13	2493
1_1x4	11	1	1	15	8	16:04:51	15	14	2164
1_1x4	11	1	0	2	18	16:04:51	9	15	8670
1_1x4	11	1	1	3	14	16:04:51	3	16	2253
1_1x4	11	1	0	8	2	16:04:51	10	17	3844
1_1x4	11	1	0	10	13	16:04:51	13	18	4260
1_1x4	16	4	0	6	16	17:24:49	5	1	5193
1_1x4	16	4	0	13	11	17:24:49	9	2	9458
1_1x4	16	4	0	4	6	17:24:49	2	3	5503
1_1x4	16	4	0	12	3	17:24:49	16	4	3115
1_1x4	16	4	0	1	6	17:24:49	8	5	4214
1_1x4	16	4	0	2	18	17:24:49	15	6	6735
1_1x4	16	4	0	9	16	17:24:49	12	7	3087
1_1x4	16	4	0	7	4	17:24:49	2	8	1938
1_1x4	16	4	0	11	13	17:24:49	10	9	2069
1_1x4	16	4	0	5	10	17:24:49	7	10	5638
1_1x4	16	4	0	16	13	17:24:49	14	11	4904
1_1x4	16	4	0	8	2	17:24:49	13	12	4372
1_1x4	16	4	0	15	8	17:24:49	18	13	2177
1_1x4	16	4	0	18	17	17:24:49	6	14	7352
1_1x4	16	4	0	3	14	17:24:49	11	15	6572
1_1x4	16	4	0	14	9	17:24:49	12	16	10045
1_1x4	16	4	0	17	8	17:24:49	1	17	2082
1_1x4	16	4	0	10	13	17:24:49	3	18	2247
1_1x4	20	4	0	6	16	10:14:12	7	1	1029
1_1x4	20	4	0	16	13	10:14:12	18	2	1298
1_1x4	20	4	0	9	16	10:14:12	10	3	2074
1_1x4	20	4	0	4	6	10:14:12	17	4	1601
1_1x4	20	4	0	12	3	10:14:12	8	5	1856
1_1x4	20	4	0	7	4	10:14:12	11	6	1421
1_1x4	20	4	0	1	6	10:14:12	2	7	1483
1_1x4	20	4	0	5	10	10:14:12	12	8	1357
1_1x4	20	4	0	17	8	10:14:12	14	9	1605
1_1x4	20	4	0	8	2	10:14:12	6	10	2139
1_1x4	20	4	0	18	17	10:14:12	13	11	1189
1_1x4	20	4	1	15	8	10:14:12	15	12	1336
1_1x4	20	4	0	13	11	10:14:12	1	13	2351
1_1x4	20	4	0	10	13	10:14:12	4	14	2750
1_1x4	20	4	0	2	18	10:14:12	9	15	4235
1_1x4	20	4	0	14	9	10:14:12	16	16	2630
1_1x4	20	4	0	3	14	10:14:12	5	17	1021
1_1x4	20	4	0	11	13	10:14:12	4	18	4416
1_1x4	23	4	0	17	8	11:04:36	6	1	5898
1_1x4	23	4	0	6	16	11:04:36	9	2	4484
1_1x4	23	4	1	8	2	11:04:36	8	3	2621
1_1x4	23	4	0	10	13	11:04:36	12	4	3911
1_1x4	23	4	0	12	3	11:04:36	3	5	808
1_1x4	23	4	1	1	6	11:04:36	1	6	1593
1_1x4	23	4	1	11	13	11:04:36	11	7	1187
1_1x4	23	4	0	18	17	11:04:36	12	8	1694
1_1x4	23	4	0	15	8	11:04:36	18	9	2742
1_1x4	23	4	1	7	4	11:04:36	7	10	1341
1_1x4	23	4	0	14	9	11:04:36	13	11	2057
1_1x4	23	4	0	3	14	11:04:36	10	12	5004
1_1x4	23	4	0	5	10	11:04:36	6	13	1515
1_1x4	23	4	0	4	6	11:04:36	14	14	2014
1_1x4	23	4	0	2	18	11:04:36	17	15	4295
1_1x4	23	4	0	13	11	11:04:36	15	16	6932
1_1x4	23	4	0	16	13	11:04:36	2	17	4219
1_1x4	23	4	1	9	16	11:04:36	9	18	2241
1_1x4	3	1	1	15	8	14:29:32	15	1	6354
1_1x4	3	1	0	8	2	14:29:32	16	2	4369
1_1x4	3	1	0	3	14	14:29:32	9	3	9177
1_1x4	3	1	0	16	13	14:29:32	18	4	7936
1_1x4	3	1	1	1	6	14:29:32	1	5	1809
1_1x4	3	1	0	18	17	14:29:32	10	6	4811
1_1x4	3	1	0	5	10	14:29:32	2	7	11006
1_1x4	3	1	0	4	6	14:29:32	6	8	13975
1_1x4	3	1	0	7	4	14:29:32	12	9	8902
1_1x4	3	1	0	10	13	14:29:32	8	10	4106
1_1x4	3	1	0	12	3	14:29:32	3	11	8629
1_1x4	3	1	0	11	13	14:29:32	4	12	11294
1_1x4	3	1	0	6	16	14:29:32	5	13	6972
1_1x4	3	1	0	13	11	14:29:32	7	14	9369
1_1x4	3	1	0	2	18	14:29:32	11	15	6379
1_1x4	3	1	0	17	8	14:29:32	13	16	17513
1_1x4	3	1	0	9	16	14:29:32	7	17	4768
1_1x4	3	1	0	14	9	14:29:32	16	18	2898
1_1x4	7	4	0	10	13	15:55:11	17	1	1850
1_1x4	7	4	1	13	11	15:55:11	13	2	1409
1_1x4	7	4	1	2	18	15:55:11	2	3	3571
1_1x4	7	4	0	14	9	15:55:11	3	4	2572
1_1x4	7	4	1	1	6	15:55:11	1	5	3201
1_1x4	7	4	1	4	6	15:55:11	4	6	1768
1_1x4	7	4	1	15	8	15:55:11	15	7	3603
1_1x4	7	4	0	11	13	15:55:11	14	8	5241
1_1x4	7	4	1	12	3	15:55:11	12	9	3148
1_1x4	7	4	1	5	10	15:55:11	5	10	4140
1_1x4	7	4	1	9	16	15:55:11	9	11	2251
1_1x4	7	4	1	8	2	15:55:11	8	12	2099
1_1x4	7	4	1	7	4	15:55:11	7	13	1575
1_1x4	7	4	1	6	16	15:55:11	6	14	2561
1_1x4	7	4	1	18	17	15:55:11	18	15	3130
1_1x4	7	4	0	17	8	15:55:11	11	16	4136
1_1x4	7	4	0	3	14	15:55:11	10	17	2119
1_1x4	7	4	0	16	13	15:55:11	10	18	8665
2_1x3	11	2	0	16	13	16:14:41	5	1	3857
2_1x3	11	2	1	14	9	16:14:41	14	2	1629
2_1x3	11	2	1	17	8	16:14:41	17	3	1996
2_1x3	11	2	1	8	2	16:14:41	8	4	1595
2_1x3	11	2	1	13	11	16:14:41	13	5	1745
2_1x3	11	2	0	12	3	16:14:41	18	6	6819
2_1x3	11	2	1	1	6	16:14:41	1	7	1594
2_1x3	11	2	1	10	13	16:14:41	10	8	4328
2_1x3	11	2	0	11	13	16:14:41	9	9	4900
2_1x3	11	2	1	3	14	16:14:41	3	10	5523
2_1x3	11	2	1	4	6	16:14:41	4	11	1905
2_1x3	11	2	1	15	8	16:14:41	15	12	3167
2_1x3	11	2	0	5	10	16:14:41	2	13	5920
2_1x3	11	2	1	7	4	16:14:41	7	14	2361
2_1x3	11	2	0	18	17	16:14:41	11	15	5436
2_1x3	11	2	0	2	18	16:14:41	12	16	9053
2_1x3	11	2	0	6	16	16:14:41	5	17	3737
2_1x3	11	2	0	9	16	16:14:41	16	18	15689
2_1x3	16	3	0	16	13	17:14:22	18	1	14783
2_1x3	16	3	0	2	18	17:14:22	4	2	6277
2_1x3	16	3	0	15	8	17:14:22	8	3	3080
2_1x3	16	3	1	10	13	17:14:22	10	4	3996
2_1x3	16	3	0	18	17	17:14:22	6	5	12154
2_1x3	16	3	0	4	6	17:14:22	5	6	4712
2_1x3	16	3	1	12	3	17:14:22	12	7	2393
2_1x3	16	3	0	11	13	17:14:22	16	8	6554
2_1x3	16	3	0	8	2	17:14:22	15	9	6759
2_1x3	16	3	1	9	16	17:14:22	9	10	3177
2_1x3	16	3	0	14	9	17:14:22	11	11	6631
2_1x3	16	3	0	5	10	17:14:22	1	12	6323
2_1x3	16	3	0	17	8	17:14:22	11	13	11746
2_1x3	16	3	0	3	14	17:14:22	8	14	2731
2_1x3	16	3	0	13	11	17:14:22	2	15	10529
2_1x3	16	3	0	6	16	17:14:22	5	16	5757
2_1x3	16	3	1	7	4	17:14:22	7	17	1723
2_1x3	16	3	1	1	6	17:14:22	1	18	9424
2_1x3	20	3	0	9	16	10:04:56	5	1	4671
2_1x3	20	3	0	7	4	10:04:56	3	2	3318
2_1x3	20	3	0	17	8	10:04:56	1	3	2265
2_1x3	20	3	0	8	2	10:04:56	7	4	1568
2_1x3	20	3	0	16	13	10:04:56	13	5	2116
2_1x3	20	3	0	11	13	10:04:56	16	6	1875
2_1x3	20	3	0	3	14	10:04:56	9	7	1498
2_1x3	20	3	0	4	6	10:04:56	8	8	1902
2_1x3	20	3	0	1	6	10:04:56	4	9	2951
2_1x3	20	3	0	18	17	10:04:56	6	10	1268
2_1x3	20	3	0	2	18	10:04:56	18	11	1138
2_1x3	20	3	0	14	9	10:04:56	10	12	3151
2_1x3	20	3	0	6	16	10:04:56	15	13	1636
2_1x3	20	3	0	10	13	10:04:56	17	14	2615
2_1x3	20	3	0	12	3	10:04:56	2	15	2209
2_1x3	20	3	0	15	8	10:04:56	17	16	7884
2_1x3	20	3	1	5	10	10:04:56	5	17	1793
2_1x3	20	3	0	13	11	10:04:56	12	18	1754
2_1x3	23	3	1	5	10	10:54:58	5	1	2755
2_1x3	23	3	1	9	16	10:54:58	9	2	3200
2_1x3	23	3	0	6	16	10:54:58	16	3	4040
2_1x3	23	3	1	4	6	10:54:58	4	4	1547
2_1x3	23	3	1	3	14	10:54:58	3	5	2560
2_1x3	23	3	1	15	8	10:54:58	15	6	4138
2_1x3	23	3	0	16	13	10:54:58	17	7	10922
2_1x3	23	3	0	7	4	10:54:58	14	8	5722
2_1x3	23	3	0	11	13	10:54:58	6	9	2091
2_1x3	23	3	0	10	13	10:54:58	13	10	2501
2_1x3	23	3	1	12	3	10:54:58	12	11	1369
2_1x3	23	3	0	14	9	10:54:58	15	12	6867
2_1x3	23	3	1	8	2	10:54:58	8	13	2072
2_1x3	23	3	1	18	17	10:54:58	18	14	2712
2_1x3	23	3	0	1	6	10:54:58	12	15	2075
2_1x3	23	3	1	13	11	10:54:58	13	16	2417
2_1x3	23	3	0	2	18	10:54:58	10	17	3380
2_1x3	23	3	0	17	8	10:54:58	2	18	9874
2_1x3	3	2	0	11	13	14:42:48	3	1	6018
2_1x3	3	2	0	15	8	14:42:48	2	2	3631
2_1x3	3	2	0	17	8	14:42:48	6	3	3380
2_1x3	3	2	1	10	13	14:42:48	10	4	1764
2_1x3	3	2	0	3	14	14:42:48	12	5	11139
2_1x3	3	2	0	6	16	14:42:48	11	6	10428
2_1x3	3	2	1	18	17	14:42:48	18	7	7233
2_1x3	3	2	0	9	16	14:42:48	2	8	4125
2_1x3	3	2	0	2	18	14:42:48	5	9	7234
2_1x3	3	2	0	1	6	14:42:48	9	10	12517
2_1x3	3	2	1	7	4	14:42:48	7	11	2069
2_1x3	3	2	1	13	11	14:42:48	13	12	1717
2_1x3	3	2	1	16	13	14:42:48	16	13	1903
2_1x3	3	2	1	4	6	14:42:48	4	14	5059
2_1x3	3	2	1	14	9	14:42:48	14	15	1509
2_1x3	3	2	0	5	10	14:42:48	17	16	7147
2_1x3	3	2	1	8	2	14:42:48	8	17	1772
2_1x3	3	2	0	12	3	14:42:48	5	18	23648
2_1x3	7	3	1	8	2	15:45:28	8	1	3580
2_1x3	7	3	1	7	4	15:45:28	7	2	7480
2_1x3	7	3	1	18	17	15:45:28	18	3	6247
2_1x3	7	3	1	1	6	15:45:28	1	4	1821
2_1x3	7	3	1	17	8	15:45:28	17	5	2083
2_1x3	7	3	1	9	16	15:45:28	9	6	5816
2_1x3	7	3	1	4	6	15:45:28	4	7	1857
2_1x3	7	3	1	3	14	15:45:28	3	8	4085
2_1x3	7	3	0	15	8	15:45:28	18	9	8243
2_1x3	7	3	1	12	3	15:45:28	12	10	1831
2_1x3	7	3	0	14	9	15:45:28	9	11	3987
2_1x3	7	3	1	6	16	15:45:28	6	12	1685
2_1x3	7	3	1	11	13	15:45:28	11	13	4122
2_1x3	7	3	1	5	10	15:45:28	5	14	5929
2_1x3	7	3	0	10	13	15:45:28	18	15	9511
2_1x3	7	3	0	2	18	15:45:28	10	16	6690
2_1x3	7	3	1	13	11	15:45:28	13	17	1747
2_1x3	7	3	1	16	13	15:45:28	16	18	1817
3_3x3_1nsy	11	3	1	17	8	16:24:30	17	1	1598
3_3x3_1nsy	11	3	0	10	13	16:24:30	4	2	2030
3_3x3_1nsy	11	3	0	5	10	16:24:30	6	3	1633
3_3x3_1nsy	11	3	0	2	18	16:24:30	15	4	1811
3_3x3_1nsy	11	3	0	12	3	16:24:30	11	5	1151
3_3x3_1nsy	11	3	0	13	11	16:24:30	2	6	1731
3_3x3_1nsy	11	3	1	14	9	16:24:30	14	7	2153
3_3x3_1nsy	11	3	0	11	13	16:24:30	12	8	3574
3_3x3_1nsy	11	3	1	15	8	16:24:30	15	9	1205
3_3x3_1nsy	11	3	0	6	16	16:24:30	13	10	1956
3_3x3_1nsy	11	3	0	8	2	16:24:30	9	11	1826
3_3x3_1nsy	11	3	0	16	13	16:24:30	10	12	1400
3_3x3_1nsy	11	3	0	1	6	16:24:30	18	13	1861
3_3x3_1nsy	11	3	0	18	17	16:24:30	16	14	1977
3_3x3_1nsy	11	3	0	9	16	16:24:30	8	15	1929
3_3x3_1nsy	11	3	0	4	6	16:24:30	12	16	1525
3_3x3_1nsy	11	3	0	3	14	16:24:30	5	17	5505
3_3x3_1nsy	11	3	0	7	4	16:24:30	3	18	4407
3_3x3_1nsy	16	2	0	12	3	17:02:55	15	1	5785
3_3x3_1nsy	16	2	0	9	16	17:02:55	18	2	5809
3_3x3_1nsy	16	2	0	16	13	17:02:55	14	3	8868
3_3x3_1nsy	16	2	0	13	11	17:02:55	14	4	2116
3_3x3_1nsy	16	2	0	17	8	17:02:55	5	5	2541
3_3x3_1nsy	16	2	0	18	17	17:02:55	9	6	4382
3_3x3_1nsy	16	2	0	6	16	17:02:55	3	7	2523
3_3x3_1nsy	16	2	0	3	14	17:02:55	10	8	4533
3_3x3_1nsy	16	2	0	1	6	17:02:55	8	9	7026
3_3x3_1nsy	16	2	1	11	13	17:02:55	11	10	2503
3_3x3_1nsy	16	2	0	8	2	17:02:55	9	11	3069
3_3x3_1nsy	16	2	0	5	10	17:02:55	12	12	2565
3_3x3_1nsy	16	2	0	4	6	17:02:55	7	13	6622
3_3x3_1nsy	16	2	0	10	13	17:02:55	8	14	5108
3_3x3_1nsy	16	2	0	14	9	17:02:55	3	15	3928
3_3x3_1nsy	16	2	1	2	18	17:02:55	2	16	6541
3_3x3_1nsy	16	2	0	15	8	17:02:55	1	17	4007
3_3x3_1nsy	16	2	0	7	4	17:02:55	1	18	7858
3_3x3_1nsy	30	2	0	2	18	09:54:22	6	1	3547
3_3x3_1nsy	30	2	1	13	11	09:54:22	13	2	2409
3_3x3_1nsy	30	2	0	7	4	09:54:22	6	3	1811
3_3x3_1nsy	30	2	0	14	9	09:54:22	3	4	1502
3_3x3_1nsy	30	2	0	15	8	09:54:22	8	5	1259
3_3x3_1nsy	30	2	0	3	14	09:54:22	17	6	1287
3_3x3_1nsy	30	2	0	9	16	09:54:22	16	7	1594
3_3x3_1nsy	30	2	0	11	13	09:54:22	9	8	1316
3_3x3_1nsy	30	2	0	8	2	09:54:22	5	9	1142
3_3x3_1nsy	30	2	0	6	16	09:54:22	11	10	1144
3_3x3_1nsy	30	2	0	17	8	09:54:22	18	11	1825
3_3x3_1nsy	30	2	0	5	10	09:54:22	18	12	2871
3_3x3_1nsy	30	2	0	12	3	09:54:22	14	13	1263
3_3x3_1nsy	30	2	1	1	6	09:54:22	1	14	1395
3_3x3_1nsy	30	2	0	16	13	09:54:22	2	15	2434
3_3x3_1nsy	30	2	0	4	6	09:54:22	12	16	1205
3_3x3_1nsy	30	2	0	18	17	09:54:22	4	17	2436
3_3x3_1nsy	30	2	0	10	13	09:54:22	5	18	2958
3_3x3_1nsy	23	2	1	10	13	10:43:18	10	1	5509
3_3x3_1nsy	23	2	0	16	13	10:43:18	15	2	13048
3_3x3_1nsy	23	2	0	18	17	10:43:18	2	3	11719
3_3x3_1nsy	23	2	0	15	8	10:43:18	7	4	1976
3_3x3_1nsy	23	2	0	7	4	10:43:18	12	5	17637
3_3x3_1nsy	23	2	1	17	8	10:43:18	17	6	2264
3_3x3_1nsy	23	2	0	11	13	10:43:18	8	7	4290
3_3x3_1nsy	23	2	0	14	9	10:43:18	13	8	5707
3_3x3_1nsy	23	2	0	3	14	10:43:18	2	9	1741
3_3x3_1nsy	23	2	0	5	10	10:43:18	3	10	10165
3_3x3_1nsy	23	2	0	8	2	10:43:18	7	11	2651
3_3x3_1nsy	23	2	0	12	3	10:43:18	5	12	1450
3_3x3_1nsy	23	2	0	1	6	10:43:18	10	13	3345
3_3x3_1nsy	23	2	1	9	16	10:43:18	9	14	3305
3_3x3_1nsy	23	2	0	2	18	10:43:18	6	15	1750
3_3x3_1nsy	23	2	1	4	6	10:43:18	4	16	5436
3_3x3_1nsy	23	2	0	13	11	10:43:18	15	17	1991
3_3x3_1nsy	23	2	0	6	16	10:43:18	13	18	4187
3_3x3_1nsy	3	3	0	8	2	14:54:04	5	1	12138
3_3x3_1nsy	3	3	0	15	8	14:54:04	14	2	6698
3_3x3_1nsy	3	3	0	1	6	14:54:04	16	3	5762
3_3x3_1nsy	3	3	0	9	16	14:54:04	8	4	2316
3_3x3_1nsy	3	3	0	16	13	14:54:04	9	5	6646
3_3x3_1nsy	3	3	0	13	11	14:54:04	10	6	7811
3_3x3_1nsy	3	3	0	4	6	14:54:04	13	7	2606
3_3x3_1nsy	3	3	1	12	3	14:54:04	12	8	1448
3_3x3_1nsy	3	3	0	14	9	14:54:04	6	9	7760
3_3x3_1nsy	3	3	0	6	16	14:54:04	11	10	3057
3_3x3_1nsy	3	3	1	17	8	14:54:04	17	11	1764
3_3x3_1nsy	3	3	0	11	13	14:54:04	1	12	23560
3_3x3_1nsy	3	3	1	2	18	14:54:04	2	13	1652
3_3x3_1nsy	3	3	1	3	14	14:54:04	3	14	2867
3_3x3_1nsy	3	3	0	5	10	14:54:04	4	15	1730
3_3x3_1nsy	3	3	1	7	4	14:54:04	7	16	1423
3_3x3_1nsy	3	3	0	10	13	14:54:04	1	17	3591
3_3x3_1nsy	3	3	0	18	17	14:54:04	15	18	6607
3_3x3_1nsy	7	2	1	6	16	15:34:29	6	1	2787
3_3x3_1nsy	7	2	0	13	11	15:34:29	18	2	2856
3_3x3_1nsy	7	2	0	16	13	15:34:29	15	3	3689
3_3x3_1nsy	7	2	0	11	13	15:34:29	12	4	3649
3_3x3_1nsy	7	2	1	9	16	15:34:29	9	5	2250
3_3x3_1nsy	7	2	1	8	2	15:34:29	8	6	1625
3_3x3_1nsy	7	2	0	10	13	15:34:29	4	7	2480
3_3x3_1nsy	7	2	0	5	10	15:34:29	3	8	4330
3_3x3_1nsy	7	2	1	1	6	15:34:29	1	9	2151
3_3x3_1nsy	7	2	0	4	6	15:34:29	13	10	5918
3_3x3_1nsy	7	2	0	2	18	15:34:29	17	11	2669
3_3x3_1nsy	7	2	0	7	4	15:34:29	2	12	2102
3_3x3_1nsy	7	2	0	15	8	15:34:29	5	13	5243
3_3x3_1nsy	7	2	1	14	9	15:34:29	14	14	1697
3_3x3_1nsy	7	2	0	12	3	15:34:29	5	15	2954
3_3x3_1nsy	7	2	0	17	8	15:34:29	18	16	6867
3_3x3_1nsy	7	2	0	3	14	15:34:29	7	17	2950
3_3x3_1nsy	7	2	0	18	17	15:34:29	13	18	4013
4_4x4_2nsy	11	4	0	16	13	16:35:15	11	1	1319
4_4x4_2nsy	11	4	0	11	13	16:35:15	18	2	4401
4_4x4_2nsy	11	4	0	7	4	16:35:15	17	3	2455
4_4x4_2nsy	11	4	0	9	16	16:35:15	15	4	2495
4_4x4_2nsy	11	4	0	18	17	16:35:15	16	5	2412
4_4x4_2nsy	11	4	0	13	11	16:35:15	9	6	3789
4_4x4_2nsy	11	4	0	17	8	16:35:15	10	7	2167
4_4x4_2nsy	11	4	0	1	6	16:35:15	6	8	1858
4_4x4_2nsy	11	4	0	12	3	16:35:15	2	9	1989
4_4x4_2nsy	11	4	0	8	2	16:35:15	17	10	5153
4_4x4_2nsy	11	4	0	14	9	16:35:15	8	11	1677
4_4x4_2nsy	11	4	0	4	6	16:35:15	13	12	4403
4_4x4_2nsy	11	4	0	6	16	16:35:15	12	13	2590
4_4x4_2nsy	11	4	0	3	14	16:35:15	14	14	1769
4_4x4_2nsy	11	4	0	2	18	16:35:15	7	15	1627
4_4x4_2nsy	11	4	0	10	13	16:35:15	1	16	3370
4_4x4_2nsy	11	4	0	15	8	16:35:15	18	17	7408
4_4x4_2nsy	11	4	0	5	10	16:35:15	13	18	4747
4_4x4_2nsy	20	1	0	10	13	09:38:05	14	1	5945
4_4x4_2nsy	20	1	0	4	6	09:38:05	18	2	3641
4_4x4_2nsy	20	1	0	7	4	09:38:05	2	3	2760
4_4x4_2nsy	20	1	0	16	13	09:38:05	13	4	1834
4_4x4_2nsy	20	1	0	13	11	09:38:05	5	5	6015
4_4x4_2nsy	20	1	0	1	6	09:38:05	10	6	1328
4_4x4_2nsy	20	1	0	6	16	09:38:05	3	7	4150
4_4x4_2nsy	20	1	0	17	8	09:38:05	1	8	1627
4_4x4_2nsy	20	1	0	18	17	09:38:05	17	9	1698
4_4x4_2nsy	20	1	0	11	13	09:38:05	15	10	6308
4_4x4_2nsy	20	1	0	12	3	09:38:05	6	11	4456
4_4x4_2nsy	20	1	0	14	9	09:38:05	6	12	4609
4_4x4_2nsy	20	1	0	9	16	09:38:05	8	13	1662
4_4x4_2nsy	20	1	0	8	2	09:38:05	11	14	1512
4_4x4_2nsy	20	1	0	15	8	09:38:05	18	15	2793
4_4x4_2nsy	20	1	0	3	14	09:38:05	12	16	2240
4_4x4_2nsy	20	1	0	5	10	09:38:05	12	17	1651
4_4x4_2nsy	20	1	0	2	18	09:38:05	10	18	4026
4_4x4_2nsy	23	1	0	4	6	10:28:52	16	1	7109
4_4x4_2nsy	23	1	1	7	4	10:28:52	7	2	4099
4_4x4_2nsy	23	1	0	5	10	10:28:52	18	3	3570
4_4x4_2nsy	23	1	0	3	14	10:28:52	11	4	9235
4_4x4_2nsy	23	1	0	18	17	10:28:52	13	5	2414
4_4x4_2nsy	23	1	0	17	8	10:28:52	4	6	8117
4_4x4_2nsy	23	1	0	6	16	10:28:52	9	7	4089
4_4x4_2nsy	23	1	0	11	13	10:28:52	14	8	11481
4_4x4_2nsy	23	1	0	13	11	10:28:52	1	9	3096
4_4x4_2nsy	23	1	0	15	8	10:28:52	6	10	4750
4_4x4_2nsy	23	1	0	10	13	10:28:52	17	11	8266
4_4x4_2nsy	23	1	0	2	18	10:28:52	5	12	2528
4_4x4_2nsy	23	1	0	8	2	10:28:52	6	13	8127
4_4x4_2nsy	23	1	0	16	13	10:28:52	3	14	7866
4_4x4_2nsy	23	1	0	14	9	10:28:52	15	15	2427
4_4x4_2nsy	23	1	0	12	3	10:28:52	2	16	1706
4_4x4_2nsy	23	1	0	9	16	10:28:52	11	17	8775
4_4x4_2nsy	23	1	0	1	6	10:28:52	10	18	1597
4_4x4_2nsy	3	4	0	11	13	15:05:44	9	1	20782
4_4x4_2nsy	3	4	0	2	18	15:05:44	13	2	1356
4_4x4_2nsy	3	4	0	15	8	15:05:44	11	3	4321
4_4x4_2nsy	3	4	0	3	14	15:05:44	14	4	1665
4_4x4_2nsy	3	4	1	7	4	15:05:44	7	5	8890
4_4x4_2nsy	3	4	0	13	11	15:05:44	6	6	2002
4_4x4_2nsy	3	4	0	5	10	15:05:44	10	7	9591
4_4x4_2nsy	3	4	0	6	16	15:05:44	16	8	2275
4_4x4_2nsy	3	4	1	1	6	15:05:44	1	9	1130
4_4x4_2nsy	3	4	0	17	8	15:05:44	18	10	5272
4_4x4_2nsy	3	4	0	18	17	15:05:44	12	11	10734
4_4x4_2nsy	3	4	0	4	6	15:05:44	2	12	22722
4_4x4_2nsy	3	4	0	10	13	15:05:44	17	13	13564
4_4x4_2nsy	3	4	0	12	3	15:05:44	3	14	9837
4_4x4_2nsy	3	4	0	16	13	15:05:44	18	15	21335
4_4x4_2nsy	3	4	0	9	16	15:05:44	4	16	3162
4_4x4_2nsy	3	4	1	8	2	15:05:44	8	17	1116
4_4x4_2nsy	3	4	0	14	9	15:05:44	12	18	5052
4_4x4_2nsy	7	1	0	10	13	15:20:09	13	1	2989
4_4x4_2nsy	7	1	0	18	17	15:20:09	10	2	7898
4_4x4_2nsy	7	1	0	4	6	15:20:09	16	3	2961
4_4x4_2nsy	7	1	0	12	3	15:20:09	17	4	5434
4_4x4_2nsy	7	1	1	1	6	15:20:09	1	5	5244
4_4x4_2nsy	7	1	0	14	9	15:20:09	18	6	3244
4_4x4_2nsy	7	1	0	13	11	15:20:09	8	7	2571
4_4x4_2nsy	7	1	0	6	16	15:20:09	2	8	5898
4_4x4_2nsy	7	1	0	8	2	15:20:09	7	9	2465
4_4x4_2nsy	7	1	0	15	8	15:20:09	11	10	4154
4_4x4_2nsy	7	1	0	17	8	15:20:09	6	11	3015
4_4x4_2nsy	7	1	0	7	4	15:20:09	6	12	3730
4_4x4_2nsy	7	1	0	16	13	15:20:09	4	13	2582
4_4x4_2nsy	7	1	0	5	10	15:20:09	3	14	2196
4_4x4_2nsy	7	1	0	9	16	15:20:09	4	15	2499
4_4x4_2nsy	7	1	0	11	13	15:20:09	2	16	2104
4_4x4_2nsy	7	1	0	3	14	15:20:09	5	17	3684
4_4x4_2nsy	7	1	0	2	18	15:20:09	16	18	2553
1_1x4	1	1	1	7	4	14:40:57	7	1	2579
1_1x4	1	1	0	18	17	14:40:57	3	2	3276
1_1x4	1	1	0	1	6	14:40:57	9	3	1530
1_1x4	1	1	0	13	11	14:40:57	14	4	2065
1_1x4	1	1	0	11	13	14:40:57	4	5	1526
1_1x4	1	1	0	14	9	14:40:57	16	6	1861
1_1x4	1	1	0	10	13	14:40:57	7	7	3625
1_1x4	1	1	0	5	10	14:40:57	15	8	2618
1_1x4	1	1	0	12	3	14:40:57	13	9	1638
1_1x4	1	1	1	8	2	14:40:57	8	10	1818
1_1x4	1	1	0	15	8	14:40:57	18	11	1865
1_1x4	1	1	0	4	6	14:40:57	11	12	3847
1_1x4	1	1	0	2	18	14:40:57	8	13	3111
1_1x4	1	1	0	17	8	14:40:57	12	14	1490
1_1x4	1	1	0	6	16	14:40:57	10	15	5247
1_1x4	1	1	0	16	13	14:40:57	3	16	1812
1_1x4	1	1	0	9	16	14:40:57	6	17	2033
1_1x4	1	1	0	3	14	14:40:57	17	18	4080
1_1x4	14	4	1	14	9	17:37:20	14	1	2734
1_1x4	14	4	0	1	6	17:37:20	4	2	4537
1_1x4	14	4	0	4	6	17:37:20	3	3	2922
1_1x4	14	4	0	16	13	17:37:20	13	4	9100
1_1x4	14	4	1	17	8	17:37:20	17	5	2504
1_1x4	14	4	1	8	2	17:37:20	8	6	3191
1_1x4	14	4	0	3	14	17:37:20	10	7	4366
1_1x4	14	4	1	9	16	17:37:20	9	8	1816
1_1x4	14	4	0	13	11	17:37:20	4	9	14707
1_1x4	14	4	0	10	13	17:37:20	7	10	4222
1_1x4	14	4	0	7	4	17:37:20	1	11	8072
1_1x4	14	4	1	5	10	17:37:20	5	12	2725
1_1x4	14	4	1	15	8	17:37:20	15	13	6370
1_1x4	14	4	1	11	13	17:37:20	11	14	1535
1_1x4	14	4	1	18	17	17:37:20	18	15	2496
1_1x4	14	4	1	6	16	17:37:20	6	16	2421
1_1x4	14	4	0	12	3	17:37:20	2	17	4107
1_1x4	14	4	0	2	18	17:37:20	12	18	8097
1_1x4	18	4	0	9	16	10:37:01	14	1	2778
1_1x4	18	4	0	5	10	10:37:01	6	2	1151
1_1x4	18	4	0	12	3	10:37:01	17	3	1298
1_1x4	18	4	0	2	18	10:37:01	9	4	1166
1_1x4	18	4	0	16	13	10:37:01	7	5	1611
1_1x4	18	4	0	15	8	10:37:01	11	6	1833
1_1x4	18	4	0	18	17	10:37:01	3	7	958
1_1x4	18	4	0	7	4	10:37:01	13	8	1162
1_1x4	18	4	0	8	2	10:37:01	1	9	2092
1_1x4	18	4	0	11	13	10:37:01	12	10	1289
1_1x4	18	4	0	13	11	10:37:01	18	11	1350
1_1x4	18	4	0	3	14	10:37:01	8	12	2508
1_1x4	18	4	0	4	6	10:37:01	10	13	1092
1_1x4	18	4	0	14	9	10:37:01	15	14	2465
1_1x4	18	4	0	17	8	10:37:01	4	15	3879
1_1x4	18	4	0	6	16	10:37:01	4	16	2407
1_1x4	18	4	0	1	6	10:37:01	5	17	3211
1_1x4	18	4	0	10	13	10:37:01	11	18	4485
1_1x4	25	1	1	7	4	11:14:52	7	1	2425
1_1x4	25	1	0	8	2	11:14:52	6	2	6672
1_1x4	25	1	0	17	8	11:14:52	15	3	7582
1_1x4	25	1	1	1	6	11:14:52	1	4	1905
1_1x4	25	1	0	12	3	11:14:52	16	5	6053
1_1x4	25	1	0	2	18	11:14:52	11	6	3893
1_1x4	25	1	0	15	8	11:14:52	8	7	4931
1_1x4	25	1	1	10	13	11:14:52	10	8	1807
1_1x4	25	1	0	14	9	11:14:52	5	9	1851
1_1x4	25	1	0	5	10	11:14:52	12	10	4945
1_1x4	25	1	0	16	13	11:14:52	13	11	7331
1_1x4	25	1	0	18	17	11:14:52	17	12	8231
1_1x4	25	1	0	6	16	11:14:52	15	13	4626
1_1x4	25	1	0	9	16	11:14:52	12	14	2417
1_1x4	25	1	1	3	14	11:14:52	3	15	3059
1_1x4	25	1	0	11	13	11:14:52	9	16	5017
1_1x4	25	1	0	4	6	11:14:52	2	17	3338
1_1x4	25	1	0	13	11	11:14:52	4	18	3587
1_1x4	5	4	0	12	3	16:21:26	8	1	4991
1_1x4	5	4	1	14	9	16:21:26	14	2	1660
1_1x4	5	4	0	6	16	16:21:26	16	3	5064
1_1x4	5	4	1	7	4	16:21:26	7	4	2265
1_1x4	5	4	0	8	2	16:21:26	17	5	2762
1_1x4	5	4	0	15	8	16:21:26	6	6	3300
1_1x4	5	4	0	3	14	16:21:26	13	7	9511
1_1x4	5	4	1	5	10	16:21:26	5	8	2114
1_1x4	5	4	0	17	8	16:21:26	4	9	3539
1_1x4	5	4	0	11	13	16:21:26	18	10	1661
1_1x4	5	4	0	4	6	16:21:26	15	11	2529
1_1x4	5	4	0	18	17	16:21:26	6	12	3079
1_1x4	5	4	0	2	18	16:21:26	9	13	3578
1_1x4	5	4	1	1	6	16:21:26	1	14	2210
1_1x4	5	4	0	13	11	16:21:26	10	15	8562
1_1x4	5	4	0	10	13	16:21:26	12	16	6238
1_1x4	5	4	0	16	13	16:21:26	3	17	7744
1_1x4	5	4	0	9	16	16:21:26	18	18	1632
2_1x3	1	2	1	14	9	15:00:44	14	1	5032
2_1x3	1	2	1	2	18	15:00:44	2	2	9155
2_1x3	1	2	1	16	13	15:00:44	16	3	3744
2_1x3	1	2	0	11	13	15:00:44	9	4	6081
2_1x3	1	2	1	15	8	15:00:44	15	5	3294
2_1x3	1	2	0	13	11	15:00:44	6	6	4710
2_1x3	1	2	0	5	10	15:00:44	8	7	4577
2_1x3	1	2	0	3	14	15:00:44	1	8	2384
2_1x3	1	2	0	6	16	15:00:44	11	9	2574
2_1x3	1	2	0	4	6	15:00:44	5	10	5186
2_1x3	1	2	1	12	3	15:00:44	12	11	3011
2_1x3	1	2	1	8	2	15:00:44	8	12	2576
2_1x3	1	2	0	17	8	15:00:44	18	13	5074
2_1x3	1	2	0	1	6	15:00:44	12	14	2386
2_1x3	1	2	0	9	16	15:00:44	4	15	3196
2_1x3	1	2	0	7	4	15:00:44	17	16	3197
2_1x3	1	2	0	10	13	15:00:44	13	17	1778
2_1x3	1	2	0	18	17	15:00:44	12	18	1137
2_1x3	14	3	1	17	8	17:26:58	17	1	3104
2_1x3	14	3	1	8	2	17:26:58	8	2	3762
2_1x3	14	3	0	14	9	17:26:58	18	3	12684
2_1x3	14	3	0	5	10	17:26:58	11	4	7920
2_1x3	14	3	1	6	16	17:26:58	6	5	2496
2_1x3	14	3	1	3	14	17:26:58	3	6	2040
2_1x3	14	3	0	4	6	17:26:58	2	7	1818
2_1x3	14	3	1	13	11	17:26:58	13	8	1882
2_1x3	14	3	1	9	16	17:26:58	9	9	2925
2_1x3	14	3	0	12	3	17:26:58	15	10	7826
2_1x3	14	3	0	15	8	17:26:58	4	11	7074
2_1x3	14	3	0	18	17	17:26:58	7	12	11818
2_1x3	14	3	0	11	13	17:26:58	14	13	8191
2_1x3	14	3	1	7	4	17:26:58	7	14	2924
2_1x3	14	3	1	1	6	17:26:58	1	15	1938
2_1x3	14	3	0	2	18	17:26:58	11	16	6804
2_1x3	14	3	1	10	13	17:26:58	10	17	3145
2_1x3	14	3	1	16	13	17:26:58	16	18	2322
2_1x3	18	3	0	13	11	10:26:25	3	1	4391
2_1x3	18	3	0	18	17	10:26:25	16	2	7761
2_1x3	18	3	0	17	8	10:26:25	15	3	5732
2_1x3	18	3	0	11	13	10:26:25	2	4	2135
2_1x3	18	3	0	14	9	10:26:25	9	5	8698
2_1x3	18	3	0	2	18	10:26:25	18	6	5144
2_1x3	18	3	0	3	14	10:26:25	4	7	7026
2_1x3	18	3	0	6	16	10:26:25	14	8	10713
2_1x3	18	3	1	7	4	10:26:25	7	9	1675
2_1x3	18	3	0	15	8	10:26:25	8	10	2459
2_1x3	18	3	0	8	2	10:26:25	16	11	9917
2_1x3	18	3	0	9	16	10:26:25	3	12	16007
2_1x3	18	3	0	1	6	10:26:25	17	13	3463
2_1x3	18	3	0	4	6	10:26:25	1	14	1747
2_1x3	18	3	1	12	3	10:26:25	12	15	2656
2_1x3	18	3	0	16	13	10:26:25	5	16	2340
2_1x3	18	3	0	10	13	10:26:25	18	17	7836
2_1x3	18	3	0	5	10	10:26:25	15	18	3474
2_1x3	25	2	1	11	13	11:27:42	11	1	2578
2_1x3	25	2	1	1	6	11:27:42	1	2	5192
2_1x3	25	2	0	15	8	11:27:42	8	3	2641
2_1x3	25	2	0	14	9	11:27:42	10	4	6848
2_1x3	25	2	0	4	6	11:27:42	14	5	2254
2_1x3	25	2	0	13	11	11:27:42	17	6	6716
2_1x3	25	2	0	3	14	11:27:42	9	7	5515
2_1x3	25	2	0	10	13	11:27:42	4	8	1916
2_1x3	25	2	0	17	8	11:27:42	2	9	2276
2_1x3	25	2	0	5	10	11:27:42	8	10	6153
2_1x3	25	2	0	16	13	11:27:42	17	11	4646
2_1x3	25	2	1	12	3	11:27:42	12	12	1582
2_1x3	25	2	1	7	4	11:27:42	7	13	1619
2_1x3	25	2	1	18	17	11:27:42	18	14	2445
2_1x3	25	2	0	6	16	11:27:42	13	15	4540
2_1x3	25	2	0	2	18	11:27:42	10	16	2806
2_1x3	25	2	0	8	2	11:27:42	15	17	4273
2_1x3	25	2	0	9	16	11:27:42	6	18	1848
2_1x3	5	3	0	6	16	16:11:10	3	1	11096
2_1x3	5	3	1	12	3	16:11:10	12	2	4150
2_1x3	5	3	1	14	9	16:11:10	14	3	5979
2_1x3	5	3	1	2	18	16:11:10	2	4	2865
2_1x3	5	3	1	18	17	16:11:10	18	5	2088
2_1x3	5	3	1	10	13	16:11:10	10	6	3035
2_1x3	5	3	0	3	14	16:11:10	1	7	2333
2_1x3	5	3	0	11	13	16:11:10	7	8	4256
2_1x3	5	3	0	1	6	16:11:10	14	9	10261
2_1x3	5	3	1	15	8	16:11:10	15	10	6513
2_1x3	5	3	1	4	6	16:11:10	4	11	2025
2_1x3	5	3	1	16	13	16:11:10	16	12	3240
2_1x3	5	3	0	7	4	16:11:10	3	13	10867
2_1x3	5	3	1	17	8	16:11:10	17	14	1234
2_1x3	5	3	1	13	11	16:11:10	13	15	2732
2_1x3	5	3	1	8	2	16:11:10	8	16	2024
2_1x3	5	3	0	5	10	16:11:10	3	17	5384
2_1x3	5	3	1	9	16	16:11:10	9	18	2722
3_3x3_1nsy	1	3	0	18	17	15:11:12	13	1	2892
3_3x3_1nsy	1	3	0	8	2	15:11:12	4	2	1980
3_3x3_1nsy	1	3	0	10	13	15:11:12	15	3	2889
3_3x3_1nsy	1	3	1	9	16	15:11:12	9	4	4411
3_3x3_1nsy	1	3	0	2	18	15:11:12	8	5	2484
3_3x3_1nsy	1	3	0	17	8	15:11:12	2	6	3184
3_3x3_1nsy	1	3	0	16	13	15:11:12	11	7	2066
3_3x3_1nsy	1	3	1	1	6	15:11:12	1	8	2679
3_3x3_1nsy	1	3	0	15	8	15:11:12	14	9	4055
3_3x3_1nsy	1	3	0	3	14	15:11:12	5	10	4010
3_3x3_1nsy	1	3	0	4	6	15:11:12	12	11	1733
3_3x3_1nsy	1	3	0	11	13	15:11:12	7	12	6849
3_3x3_1nsy	1	3	0	14	9	15:11:12	18	13	6905
3_3x3_1nsy	1	3	0	5	10	15:11:12	10	14	5977
3_3x3_1nsy	1	3	1	13	11	15:11:12	13	15	2282
3_3x3_1nsy	1	3	0	12	3	15:11:12	17	16	3038
3_3x3_1nsy	1	3	0	6	16	15:11:12	9	17	3802
3_3x3_1nsy	1	3	0	7	4	15:11:12	2	18	4429
3_3x3_1nsy	14	2	0	4	6	17:14:47	1	1	4798
3_3x3_1nsy	14	2	1	15	8	17:14:47	15	2	1609
3_3x3_1nsy	14	2	0	18	17	17:14:47	13	3	2472
3_3x3_1nsy	14	2	1	10	13	17:14:47	10	4	2008
3_3x3_1nsy	14	2	0	6	16	17:14:47	9	5	4667
3_3x3_1nsy	14	2	0	12	3	17:14:47	17	6	5395
3_3x3_1nsy	14	2	0	17	8	17:14:47	18	7	4384
3_3x3_1nsy	14	2	0	9	16	17:14:47	11	8	7723
3_3x3_1nsy	14	2	0	13	11	17:14:47	8	9	11947
3_3x3_1nsy	14	2	0	1	6	17:14:47	6	10	8156
3_3x3_1nsy	14	2	0	16	13	17:14:47	7	11	2880
3_3x3_1nsy	14	2	1	14	9	17:14:47	14	12	1701
3_3x3_1nsy	14	2	1	2	18	17:14:47	2	13	2193
3_3x3_1nsy	14	2	0	3	14	17:14:47	16	14	2069
3_3x3_1nsy	14	2	0	8	2	17:14:47	3	15	2251
3_3x3_1nsy	14	2	0	7	4	17:14:47	4	16	8642
3_3x3_1nsy	14	2	0	11	13	17:14:47	9	17	8978
3_3x3_1nsy	14	2	1	5	10	17:14:47	5	18	1408
3_3x3_1nsy	18	2	0	13	11	10:13:30	2	1	14516
3_3x3_1nsy	18	2	0	3	14	10:13:30	14	2	8172
3_3x3_1nsy	18	2	0	18	17	10:13:30	13	3	4745
3_3x3_1nsy	18	2	0	9	16	10:13:30	7	4	3874
3_3x3_1nsy	18	2	0	5	10	10:13:30	4	5	7402
3_3x3_1nsy	18	2	0	4	6	10:13:30	9	6	8567
3_3x3_1nsy	18	2	0	11	13	10:13:30	5	7	1675
3_3x3_1nsy	18	2	0	2	18	10:13:30	8	8	1730
3_3x3_1nsy	18	2	0	7	4	10:13:30	11	9	11584
3_3x3_1nsy	18	2	0	6	16	10:13:30	12	10	2650
3_3x3_1nsy	18	2	0	1	6	10:13:30	6	11	4971
3_3x3_1nsy	18	2	0	12	3	10:13:30	18	12	5600
3_3x3_1nsy	18	2	0	15	8	10:13:30	8	13	12182
3_3x3_1nsy	18	2	0	8	2	10:13:30	17	14	16475
3_3x3_1nsy	18	2	0	17	8	10:13:30	18	15	4634
3_3x3_1nsy	18	2	1	10	13	10:13:30	10	16	1354
3_3x3_1nsy	18	2	0	14	9	10:13:30	3	17	9524
3_3x3_1nsy	18	2	0	16	13	10:13:30	12	18	2303
3_3x3_1nsy	25	3	0	18	17	11:37:59	15	1	7024
3_3x3_1nsy	25	3	0	10	13	11:37:59	1	2	2638
3_3x3_1nsy	25	3	0	12	3	11:37:59	11	3	3630
3_3x3_1nsy	25	3	0	2	18	11:37:59	3	4	2184
3_3x3_1nsy	25	3	0	11	13	11:37:59	5	5	4501
3_3x3_1nsy	25	3	0	4	6	11:37:59	12	6	2011
3_3x3_1nsy	25	3	0	6	16	11:37:59	16	7	2510
3_3x3_1nsy	25	3	0	3	14	11:37:59	5	8	3153
3_3x3_1nsy	25	3	0	17	8	11:37:59	18	9	6951
3_3x3_1nsy	25	3	0	5	10	11:37:59	17	10	4046
3_3x3_1nsy	25	3	0	13	11	11:37:59	6	11	4123
3_3x3_1nsy	25	3	1	14	9	11:37:59	14	12	3997
3_3x3_1nsy	25	3	0	16	13	11:37:59	10	13	2058
3_3x3_1nsy	25	3	0	9	16	11:37:59	18	14	2920
3_3x3_1nsy	25	3	0	1	6	11:37:59	13	15	4038
3_3x3_1nsy	25	3	0	8	2	11:37:59	9	16	2513
3_3x3_1nsy	25	3	0	7	4	11:37:59	8	17	6418
3_3x3_1nsy	25	3	0	15	8	11:37:59	14	18	2626
3_3x3_1nsy	5	2	0	17	8	15:59:22	18	1	3517
3_3x3_1nsy	5	2	0	7	4	15:59:22	1	2	1865
3_3x3_1nsy	5	2	0	16	13	15:59:22	14	3	4493
3_3x3_1nsy	5	2	1	11	13	15:59:22	11	4	2001
3_3x3_1nsy	5	2	0	14	9	15:59:22	17	5	4028
3_3x3_1nsy	5	2	0	6	16	15:59:22	10	6	7750
3_3x3_1nsy	5	2	0	8	2	15:59:22	12	7	3033
3_3x3_1nsy	5	2	0	18	17	15:59:22	5	8	6980
3_3x3_1nsy	5	2	0	12	3	15:59:22	9	9	3594
3_3x3_1nsy	5	2	0	13	11	15:59:22	9	10	3680
3_3x3_1nsy	5	2	0	3	14	15:59:22	10	11	6198
3_3x3_1nsy	5	2	1	15	8	15:59:22	15	12	1627
3_3x3_1nsy	5	2	0	10	13	15:59:22	2	13	5153
3_3x3_1nsy	5	2	0	5	10	15:59:22	7	14	1631
3_3x3_1nsy	5	2	0	2	18	15:59:22	6	15	5329
3_3x3_1nsy	5	2	0	9	16	15:59:22	8	16	2375
3_3x3_1nsy	5	2	1	4	6	15:59:22	4	17	3060
3_3x3_1nsy	5	2	0	1	6	15:59:22	2	18	2448
4_4x4_2nsy	1	4	0	7	4	15:23:36	15	1	8445
4_4x4_2nsy	1	4	0	3	14	15:23:36	16	2	3364
4_4x4_2nsy	1	4	0	15	8	15:23:36	9	3	2112
4_4x4_2nsy	1	4	0	10	13	15:23:36	1	4	1767
4_4x4_2nsy	1	4	0	12	3	15:23:36	2	5	2865
4_4x4_2nsy	1	4	0	5	10	15:23:36	10	6	5521
4_4x4_2nsy	1	4	0	13	11	15:23:36	5	7	1017
4_4x4_2nsy	1	4	1	4	6	15:23:36	4	8	1833
4_4x4_2nsy	1	4	0	16	13	15:23:36	12	9	1622
4_4x4_2nsy	1	4	0	14	9	15:23:36	17	10	3947
4_4x4_2nsy	1	4	0	2	18	15:23:36	8	11	1749
4_4x4_2nsy	1	4	0	8	2	15:23:36	7	12	1489
4_4x4_2nsy	1	4	1	11	13	15:23:36	11	13	2170
4_4x4_2nsy	1	4	0	6	16	15:23:36	10	14	10016
4_4x4_2nsy	1	4	0	9	16	15:23:36	15	15	4605
4_4x4_2nsy	1	4	1	18	17	15:23:36	18	16	2425
4_4x4_2nsy	1	4	1	17	8	15:23:36	17	17	3082
4_4x4_2nsy	1	4	0	1	6	15:23:36	6	18	1813
4_4x4_2nsy	14	1	0	15	8	16:59:39	5	1	6651
4_4x4_2nsy	14	1	0	3	14	16:59:39	16	2	6043
4_4x4_2nsy	14	1	0	2	18	16:59:39	13	3	2250
4_4x4_2nsy	14	1	0	9	16	16:59:39	12	4	5867
4_4x4_2nsy	14	1	0	8	2	16:59:39	1	5	8727
4_4x4_2nsy	14	1	0	18	17	16:59:39	12	6	4372
4_4x4_2nsy	14	1	0	6	16	16:59:39	9	7	9386
4_4x4_2nsy	14	1	0	12	3	16:59:39	8	8	6643
4_4x4_2nsy	14	1	0	10	13	16:59:39	11	9	4044
4_4x4_2nsy	14	1	0	11	13	16:59:39	18	10	2611
4_4x4_2nsy	14	1	1	4	6	16:59:39	4	11	7072
4_4x4_2nsy	14	1	0	1	6	16:59:39	10	12	2582
4_4x4_2nsy	14	1	0	5	10	16:59:39	15	13	1571
4_4x4_2nsy	14	1	1	14	9	16:59:39	14	14	3466
4_4x4_2nsy	14	1	0	16	13	16:59:39	3	15	9192
4_4x4_2nsy	14	1	0	13	11	16:59:39	17	16	1494
4_4x4_2nsy	14	1	0	17	8	16:59:39	6	17	6068
4_4x4_2nsy	14	1	0	7	4	16:59:39	2	18	3723
4_4x4_2nsy	18	1	0	10	13	09:58:01	17	1	9770
4_4x4_2nsy	18	1	0	2	18	09:58:01	8	2	5894
4_4x4_2nsy	18	1	0	13	11	09:58:01	16	3	5723
4_4x4_2nsy	18	1	0	5	10	09:58:01	8	4	4763
4_4x4_2nsy	18	1	0	11	13	09:58:01	6	5	6965
4_4x4_2nsy	18	1	0	9	16	09:58:01	15	6	5325
4_4x4_2nsy	18	1	0	14	9	09:58:01	10	7	6130
4_4x4_2nsy	18	1	0	8	2	09:58:01	7	8	5530
4_4x4_2nsy	18	1	0	15	8	09:58:01	12	9	7807
4_4x4_2nsy	18	1	0	4	6	09:58:01	1	10	5255
4_4x4_2nsy	18	1	0	12	3	09:58:01	13	11	7539
4_4x4_2nsy	18	1	0	16	13	09:58:01	5	12	3286
4_4x4_2nsy	18	1	0	1	6	09:58:01	7	13	6744
4_4x4_2nsy	18	1	0	3	14	09:58:01	14	14	2424
4_4x4_2nsy	18	1	0	18	17	09:58:01	9	15	1400
4_4x4_2nsy	18	1	0	7	4	09:58:01	3	16	4195
4_4x4_2nsy	18	1	0	6	16	09:58:01	10	17	2697
4_4x4_2nsy	18	1	0	17	8	09:58:01	13	18	3001
4_4x4_2nsy	25	4	1	5	10	11:49:45	5	1	4181
4_4x4_2nsy	25	4	0	7	4	11:49:45	1	2	2691
4_4x4_2nsy	25	4	0	9	16	11:49:45	7	3	3861
4_4x4_2nsy	25	4	0	6	16	11:49:45	7	4	2640
4_4x4_2nsy	25	4	0	13	11	11:49:45	14	5	6082
4_4x4_2nsy	25	4	0	12	3	11:49:45	13	6	9579
4_4x4_2nsy	25	4	0	14	9	11:49:45	13	7	1839
4_4x4_2nsy	25	4	1	11	13	11:49:45	11	8	1696
4_4x4_2nsy	25	4	0	8	2	11:49:45	18	9	2041
4_4x4_2nsy	25	4	0	15	8	11:49:45	6	10	4216
4_4x4_2nsy	25	4	0	18	17	11:49:45	12	11	2010
4_4x4_2nsy	25	4	0	4	6	11:49:45	2	12	7935
4_4x4_2nsy	25	4	0	17	8	11:49:45	15	13	1518
4_4x4_2nsy	25	4	0	1	6	11:49:45	9	14	3864
4_4x4_2nsy	25	4	0	2	18	11:49:45	4	15	6388
4_4x4_2nsy	25	4	1	16	13	11:49:45	16	16	1633
4_4x4_2nsy	25	4	1	10	13	11:49:45	10	17	2514
4_4x4_2nsy	25	4	0	3	14	11:49:45	17	18	2796
4_4x4_2nsy	5	1	1	9	16	15:37:33	9	1	9215
4_4x4_2nsy	5	1	0	6	16	15:37:33	2	2	7026
4_4x4_2nsy	5	1	0	8	2	15:37:33	7	3	2368
4_4x4_2nsy	5	1	1	18	17	15:37:33	18	4	4202
4_4x4_2nsy	5	1	0	11	13	15:37:33	17	5	6511
4_4x4_2nsy	5	1	0	1	6	15:37:33	13	6	13317
4_4x4_2nsy	5	1	1	3	14	15:37:33	3	7	2173
4_4x4_2nsy	5	1	0	17	8	15:37:33	4	8	7883
4_4x4_2nsy	5	1	0	7	4	15:37:33	11	9	3631
4_4x4_2nsy	5	1	0	15	8	15:37:33	12	10	7641
4_4x4_2nsy	5	1	0	13	11	15:37:33	5	11	7836
4_4x4_2nsy	5	1	0	2	18	15:37:33	11	12	2999
4_4x4_2nsy	5	1	1	16	13	15:37:33	16	13	2564
4_4x4_2nsy	5	1	0	5	10	15:37:33	2	14	10253
4_4x4_2nsy	5	1	0	12	3	15:37:33	14	15	3363
4_4x4_2nsy	5	1	0	4	6	15:37:33	8	16	3376
4_4x4_2nsy	5	1	0	10	13	15:37:33	16	17	5898
4_4x4_2nsy	5	1	0	14	9	15:37:33	12	18	5490
1_1x4	10	1	0	2	18	16:13:38	16	1	2571
1_1x4	10	1	1	3	14	16:13:38	3	2	2753
1_1x4	10	1	0	16	13	16:13:38	5	3	5397
1_1x4	10	1	0	5	10	16:13:38	12	4	935
1_1x4	10	1	0	12	3	16:13:38	10	5	1732
1_1x4	10	1	0	6	16	16:13:38	17	6	2817
1_1x4	10	1	0	15	8	16:13:38	7	7	3107
1_1x4	10	1	1	1	6	16:13:38	1	8	3255
1_1x4	10	1	1	4	6	16:13:38	4	9	1467
1_1x4	10	1	0	14	9	16:13:38	15	10	6059
1_1x4	10	1	0	7	4	16:13:38	8	11	4111
1_1x4	10	1	0	11	13	16:13:38	6	12	3290
1_1x4	10	1	1	9	16	16:13:38	9	13	3154
1_1x4	10	1	0	10	13	16:13:38	18	14	10512
1_1x4	10	1	0	18	17	16:13:38	12	15	2123
1_1x4	10	1	0	8	2	16:13:38	10	16	2445
1_1x4	10	1	0	17	8	16:13:38	11	17	1050
1_1x4	10	1	0	13	11	16:13:38	2	18	3844
1_1x4	15	4	0	8	2	17:29:27	4	1	875
1_1x4	15	4	0	5	10	17:29:27	17	2	1279
1_1x4	15	4	0	17	8	17:29:27	15	3	1499
1_1x4	15	4	0	18	17	17:29:27	15	4	943
1_1x4	15	4	0	1	6	17:29:27	14	5	893
1_1x4	15	4	0	16	13	17:29:27	18	6	1320
1_1x4	15	4	0	10	13	17:29:27	11	7	1672
1_1x4	15	4	1	2	18	17:29:27	2	8	1034
1_1x4	15	4	0	15	8	17:29:27	5	9	1515
1_1x4	15	4	0	7	4	17:29:27	3	10	887
1_1x4	15	4	0	6	16	17:29:27	12	11	1116
1_1x4	15	4	0	3	14	17:29:27	13	12	1674
1_1x4	15	4	0	4	6	17:29:27	6	13	1124
1_1x4	15	4	0	9	16	17:29:27	1	14	1617
1_1x4	15	4	0	13	11	17:29:27	7	15	3797
1_1x4	15	4	0	11	13	17:29:27	9	16	4147
1_1x4	15	4	0	14	9	17:29:27	13	17	1548
1_1x4	15	4	0	12	3	17:29:27	9	18	934
1_1x4	19	4	0	5	10	10:19:06	11	1	1805
1_1x4	19	4	0	14	9	10:19:06	3	2	1714
1_1x4	19	4	0	10	13	10:19:06	4	3	1205
1_1x4	19	4	0	6	16	10:19:06	15	4	979
1_1x4	19	4	0	11	13	10:19:06	7	5	1334
1_1x4	19	4	0	7	4	10:19:06	17	6	3892
1_1x4	19	4	0	1	6	10:19:06	8	7	2008
1_1x4	19	4	0	17	8	10:19:06	11	8	1359
1_1x4	19	4	0	2	18	10:19:06	12	9	1728
1_1x4	19	4	0	13	11	10:19:06	15	10	1248
1_1x4	19	4	1	8	2	10:19:06	8	11	943
1_1x4	19	4	0	16	13	10:19:06	2	12	997
1_1x4	19	4	0	4	6	10:19:06	12	13	2490
1_1x4	19	4	0	18	17	10:19:06	17	14	1675
1_1x4	19	4	1	15	8	10:19:06	15	15	1066
1_1x4	19	4	0	12	3	10:19:06	6	16	1562
1_1x4	19	4	0	3	14	10:19:06	1	17	1508
1_1x4	19	4	0	9	16	10:19:06	7	18	3041
1_1x4	2	1	1	1	6	14:34:24	1	1	2071
1_1x4	2	1	0	3	14	14:34:24	11	2	7998
1_1x4	2	1	0	7	4	14:34:24	14	3	9716
1_1x4	2	1	0	12	3	14:34:24	13	4	6132
1_1x4	2	1	0	8	2	14:34:24	16	5	4224
1_1x4	2	1	0	4	6	14:34:24	2	6	6740
1_1x4	2	1	0	16	13	14:34:24	4	7	8144
1_1x4	2	1	1	15	8	14:34:24	15	8	1763
1_1x4	2	1	0	2	18	14:34:24	12	9	6020
1_1x4	2	1	0	9	16	14:34:24	16	10	12602
1_1x4	2	1	0	11	13	14:34:24	18	11	1973
1_1x4	2	1	1	6	16	14:34:24	6	12	1735
1_1x4	2	1	1	5	10	14:34:24	5	13	1416
1_1x4	2	1	0	18	17	14:34:24	9	14	5099
1_1x4	2	1	1	14	9	14:34:24	14	15	1698
1_1x4	2	1	0	17	8	14:34:24	10	16	6138
1_1x4	2	1	1	13	11	14:34:24	13	17	10931
1_1x4	2	1	0	10	13	14:34:24	1	18	2288
1_1x4	27	1	0	8	2	11:14:18	4	1	1506
1_1x4	27	1	0	7	4	11:14:18	15	2	2838
1_1x4	27	1	0	10	13	11:14:18	3	3	2630
1_1x4	27	1	1	5	10	11:14:18	5	4	1093
1_1x4	27	1	0	6	16	11:14:18	12	5	4012
1_1x4	27	1	0	15	8	11:14:18	9	6	7552
1_1x4	27	1	0	1	6	11:14:18	2	7	3979
1_1x4	27	1	0	16	13	11:14:18	13	8	3866
1_1x4	27	1	1	3	14	11:14:18	3	9	2627
1_1x4	27	1	0	4	6	11:14:18	11	10	1658
1_1x4	27	1	0	17	8	11:14:18	1	11	1836
1_1x4	27	1	0	9	16	11:14:18	18	12	2263
1_1x4	27	1	0	2	18	11:14:18	14	13	2282
1_1x4	27	1	0	11	13	11:14:18	18	14	1743
1_1x4	27	1	0	14	9	11:14:18	3	15	1505
1_1x4	27	1	0	18	17	11:14:18	17	16	5381
1_1x4	27	1	0	12	3	11:14:18	3	17	1683
1_1x4	27	1	0	13	11	11:14:18	6	18	996
1_1x4	6	4	0	11	13	16:04:28	2	1	2114
1_1x4	6	4	0	2	18	16:04:28	7	2	1387
1_1x4	6	4	0	7	4	16:04:28	4	3	1998
1_1x4	6	4	0	18	17	16:04:28	3	4	977
1_1x4	6	4	0	9	16	16:04:28	10	5	1030
1_1x4	6	4	0	12	3	16:04:28	6	6	1054
1_1x4	6	4	0	17	8	16:04:28	16	7	2234
1_1x4	6	4	0	15	8	16:04:28	18	8	1148
1_1x4	6	4	0	14	9	16:04:28	1	9	1226
1_1x4	6	4	0	5	10	16:04:28	9	10	2330
1_1x4	6	4	0	6	16	16:04:28	14	11	763
1_1x4	6	4	0	4	6	16:04:28	3	12	1478
1_1x4	6	4	0	16	13	16:04:28	1	13	3065
1_1x4	6	4	0	13	11	16:04:28	5	14	1705
1_1x4	6	4	0	1	6	16:04:28	18	15	922
1_1x4	6	4	0	10	13	16:04:28	9	16	844
1_1x4	6	4	0	8	2	16:04:28	15	17	2692
1_1x4	6	4	0	3	14	16:04:28	17	18	2315
2_1x3	10	2	0	4	6	16:23:29	3	1	6459
2_1x3	10	2	0	3	14	16:23:29	1	2	2391
2_1x3	10	2	0	18	17	16:23:29	5	3	1753
2_1x3	10	2	0	11	13	16:23:29	3	4	1679
2_1x3	10	2	0	17	8	16:23:29	18	5	2107
2_1x3	10	2	0	14	9	16:23:29	9	6	2208
2_1x3	10	2	1	10	13	16:23:29	10	7	1227
2_1x3	10	2	0	13	11	16:23:29	15	8	2593
2_1x3	10	2	1	5	10	16:23:29	5	9	2299
2_1x3	10	2	0	2	18	16:23:29	3	10	3085
2_1x3	10	2	0	9	16	16:23:29	6	11	1449
2_1x3	10	2	1	7	4	16:23:29	7	12	1880
2_1x3	10	2	0	16	13	16:23:29	4	13	4099
2_1x3	10	2	1	12	3	16:23:29	12	14	823
2_1x3	10	2	0	6	16	16:23:29	2	15	3346
2_1x3	10	2	0	8	2	16:23:29	14	16	1721
2_1x3	10	2	0	1	6	16:23:29	17	17	2159
2_1x3	10	2	0	15	8	16:23:29	14	18	3327
2_1x3	15	3	1	10	13	17:20:22	10	1	2432
2_1x3	15	3	0	13	11	17:20:22	11	2	2700
2_1x3	15	3	0	8	2	17:20:22	5	3	1144
2_1x3	15	3	0	14	9	17:20:22	1	4	1977
2_1x3	15	3	0	3	14	17:20:22	17	5	1920
2_1x3	15	3	1	4	6	17:20:22	4	6	1608
2_1x3	15	3	0	15	8	17:20:22	1	7	1243
2_1x3	15	3	1	18	17	17:20:22	18	8	2130
2_1x3	15	3	0	17	8	17:20:22	5	9	3671
2_1x3	15	3	0	16	13	17:20:22	12	10	3081
2_1x3	15	3	0	6	16	17:20:22	16	11	2091
2_1x3	15	3	0	2	18	17:20:22	4	12	2588
2_1x3	15	3	0	5	10	17:20:22	9	13	1258
2_1x3	15	3	0	11	13	17:20:22	6	14	1258
2_1x3	15	3	0	9	16	17:20:22	14	15	1150
2_1x3	15	3	0	1	6	17:20:22	12	16	1626
2_1x3	15	3	1	7	4	17:20:22	7	17	1233
2_1x3	15	3	0	12	3	17:20:22	2	18	3134
2_1x3	19	3	0	7	4	10:09:54	18	1	3225
2_1x3	19	3	0	3	14	10:09:54	12	2	2863
2_1x3	19	3	0	15	8	10:09:54	8	3	1594
2_1x3	19	3	0	18	17	10:09:54	10	4	3749
2_1x3	19	3	1	11	13	10:09:54	11	5	2964
2_1x3	19	3	0	13	11	10:09:54	14	6	2499
2_1x3	19	3	1	5	10	10:09:54	5	7	2916
2_1x3	19	3	0	1	6	10:09:54	10	8	2052
2_1x3	19	3	0	8	2	10:09:54	7	9	743
2_1x3	19	3	0	14	9	10:09:54	1	10	1771
2_1x3	19	3	0	10	13	10:09:54	6	11	1492
2_1x3	19	3	0	6	16	10:09:54	16	12	2126
2_1x3	19	3	0	12	3	10:09:54	3	13	2811
2_1x3	19	3	0	9	16	10:09:54	8	14	2307
2_1x3	19	3	0	2	18	10:09:54	17	15	3314
2_1x3	19	3	0	16	13	10:09:54	15	16	2922
2_1x3	19	3	0	17	8	10:09:54	10	17	1843
2_1x3	19	3	0	4	6	10:09:54	13	18	4395
2_1x3	2	2	0	9	16	14:51:22	7	1	8921
2_1x3	2	2	1	11	13	14:51:22	11	2	2155
2_1x3	2	2	0	15	8	14:51:22	8	3	2487
2_1x3	2	2	0	17	8	14:51:22	15	4	1739
2_1x3	2	2	1	6	16	14:51:22	6	5	3091
2_1x3	2	2	1	10	13	14:51:22	10	6	2086
2_1x3	2	2	1	1	6	14:51:22	1	7	1209
2_1x3	2	2	1	8	2	14:51:22	8	8	2387
2_1x3	2	2	0	13	11	14:51:22	17	9	5447
2_1x3	2	2	1	16	13	14:51:22	16	10	2869
2_1x3	2	2	1	3	14	14:51:22	3	11	1996
2_1x3	2	2	0	7	4	14:51:22	17	12	11635
2_1x3	2	2	1	5	10	14:51:22	5	13	1877
2_1x3	2	2	1	4	6	14:51:22	4	14	1198
2_1x3	2	2	0	18	17	14:51:22	13	15	2085
2_1x3	2	2	1	14	9	14:51:22	14	16	1459
2_1x3	2	2	1	12	3	14:51:22	12	17	1243
2_1x3	2	2	1	2	18	14:51:22	2	18	3346
2_1x3	27	2	0	16	13	11:24:35	5	1	3530
2_1x3	27	2	0	13	11	11:24:35	3	2	3439
2_1x3	27	2	0	17	8	11:24:35	15	3	2795
2_1x3	27	2	0	3	14	11:24:35	1	4	6457
2_1x3	27	2	0	1	6	11:24:35	18	5	3628
2_1x3	27	2	0	9	16	11:24:35	7	6	1204
2_1x3	27	2	0	15	8	11:24:35	13	7	5075
2_1x3	27	2	0	8	2	11:24:35	6	8	1337
2_1x3	27	2	0	10	13	11:24:35	7	9	1904
2_1x3	27	2	0	12	3	11:24:35	14	10	3194
2_1x3	27	2	0	18	17	11:24:35	2	11	1874
2_1x3	27	2	0	5	10	11:24:35	10	12	3531
2_1x3	27	2	0	6	16	11:24:35	13	13	1910
2_1x3	27	2	0	4	6	11:24:35	11	14	1168
2_1x3	27	2	0	2	18	11:24:35	17	15	1484
2_1x3	27	2	0	11	13	11:24:35	8	16	2865
2_1x3	27	2	0	7	4	11:24:35	11	17	2417
2_1x3	27	2	0	14	9	11:24:35	16	18	814
2_1x3	6	3	0	3	14	15:55:25	16	1	1595
2_1x3	6	3	0	7	4	15:55:25	4	2	815
2_1x3	6	3	0	1	6	15:55:25	2	3	900
2_1x3	6	3	0	13	11	15:55:25	6	4	1960
2_1x3	6	3	0	8	2	15:55:25	1	5	1994
2_1x3	6	3	0	6	16	15:55:25	18	6	1280
2_1x3	6	3	0	17	8	15:55:25	11	7	1773
2_1x3	6	3	0	14	9	15:55:25	3	8	2035
2_1x3	6	3	0	12	3	15:55:25	14	9	914
2_1x3	6	3	0	5	10	15:55:25	2	10	3309
2_1x3	6	3	0	2	18	15:55:25	3	11	1905
2_1x3	6	3	0	11	13	15:55:25	9	12	900
2_1x3	6	3	0	4	6	15:55:25	7	13	4677
2_1x3	6	3	0	18	17	15:55:25	17	14	3143
2_1x3	6	3	0	9	16	15:55:25	11	15	5313
2_1x3	6	3	0	10	13	15:55:25	8	16	3915
2_1x3	6	3	0	15	8	15:55:25	5	17	4988
2_1x3	6	3	1	16	13	15:55:25	16	18	787
3_3x3_1nsy	10	3	0	10	13	16:32:49	3	1	2403
3_3x3_1nsy	10	3	0	3	14	16:32:49	4	2	3665
3_3x3_1nsy	10	3	0	8	2	16:32:49	13	3	1356
3_3x3_1nsy	10	3	0	4	6	16:32:49	7	4	1498
3_3x3_1nsy	10	3	0	18	17	16:32:49	6	5	1031
3_3x3_1nsy	10	3	0	15	8	16:32:49	12	6	1646
3_3x3_1nsy	10	3	0	2	18	16:32:49	9	7	1885
3_3x3_1nsy	10	3	0	17	8	16:32:49	7	8	4129
3_3x3_1nsy	10	3	0	11	13	16:32:49	15	9	1276
3_3x3_1nsy	10	3	0	13	11	16:32:49	6	10	2768
3_3x3_1nsy	10	3	0	12	3	16:32:49	5	11	3322
3_3x3_1nsy	10	3	0	6	16	16:32:49	13	12	4255
3_3x3_1nsy	10	3	0	14	9	16:32:49	3	13	2083
3_3x3_1nsy	10	3	0	9	16	16:32:49	1	14	3823
3_3x3_1nsy	10	3	0	1	6	16:32:49	16	15	2078
3_3x3_1nsy	10	3	0	7	4	16:32:49	8	16	2011
3_3x3_1nsy	10	3	0	16	13	16:32:49	10	17	6533
3_3x3_1nsy	10	3	0	5	10	16:32:49	17	18	4226
3_3x3_1nsy	15	2	0	10	13	17:09:35	4	1	1420
3_3x3_1nsy	15	2	1	8	2	17:09:35	8	2	2059
3_3x3_1nsy	15	2	1	14	9	17:09:35	14	3	2606
3_3x3_1nsy	15	2	0	5	10	17:09:35	17	4	2224
3_3x3_1nsy	15	2	0	3	14	17:09:35	2	5	3058
3_3x3_1nsy	15	2	0	15	8	17:09:35	13	6	1754
3_3x3_1nsy	15	2	0	17	8	17:09:35	14	7	2417
3_3x3_1nsy	15	2	0	1	6	17:09:35	10	8	1817
3_3x3_1nsy	15	2	0	18	17	17:09:35	15	9	1387
3_3x3_1nsy	15	2	0	9	16	17:09:35	5	10	3520
3_3x3_1nsy	15	2	1	12	3	17:09:35	12	11	3276
3_3x3_1nsy	15	2	0	16	13	17:09:35	13	12	3061
3_3x3_1nsy	15	2	1	11	13	17:09:35	11	13	2628
3_3x3_1nsy	15	2	0	4	6	17:09:35	3	14	1795
3_3x3_1nsy	15	2	0	6	16	17:09:35	10	15	2328
3_3x3_1nsy	15	2	0	7	4	17:09:35	6	16	1515
3_3x3_1nsy	15	2	0	13	11	17:09:35	7	17	1500
3_3x3_1nsy	15	2	0	2	18	17:09:35	1	18	5401
3_3x3_1nsy	19	2	0	1	6	09:59:21	8	1	6023
3_3x3_1nsy	19	2	0	2	18	09:59:21	6	2	2112
3_3x3_1nsy	19	2	0	9	16	09:59:21	7	3	1647
3_3x3_1nsy	19	2	0	17	8	09:59:21	14	4	1648
3_3x3_1nsy	19	2	0	7	4	09:59:21	6	5	1837
3_3x3_1nsy	19	2	0	5	10	09:59:21	9	6	1800
3_3x3_1nsy	19	2	0	6	16	09:59:21	7	7	1152
3_3x3_1nsy	19	2	0	8	2	09:59:21	1	8	2325
3_3x3_1nsy	19	2	1	4	6	09:59:21	4	9	1498
3_3x3_1nsy	19	2	0	11	13	09:59:21	17	10	4938
3_3x3_1nsy	19	2	0	18	17	09:59:21	10	11	2515
3_3x3_1nsy	19	2	0	13	11	09:59:21	5	12	2628
3_3x3_1nsy	19	2	0	3	14	09:59:21	18	13	1585
3_3x3_1nsy	19	2	1	15	8	09:59:21	15	14	1405
3_3x3_1nsy	19	2	0	12	3	09:59:21	2	15	1604
3_3x3_1nsy	19	2	0	16	13	09:59:21	5	16	3027
3_3x3_1nsy	19	2	0	10	13	09:59:21	2	17	1801
3_3x3_1nsy	19	2	0	14	9	09:59:21	1	18	1145
3_3x3_1nsy	2	3	0	13	11	15:00:59	9	1	5857
3_3x3_1nsy	2	3	0	9	16	15:00:59	2	2	7123
3_3x3_1nsy	2	3	0	12	3	15:00:59	17	3	3025
3_3x3_1nsy	2	3	0	14	9	15:00:59	1	4	6992
3_3x3_1nsy	2	3	0	17	8	15:00:59	7	5	3939
3_3x3_1nsy	2	3	0	6	16	15:00:59	12	6	3429
3_3x3_1nsy	2	3	0	15	8	15:00:59	4	7	4483
3_3x3_1nsy	2	3	0	5	10	15:00:59	14	8	10774
3_3x3_1nsy	2	3	0	2	18	15:00:59	10	9	2027
3_3x3_1nsy	2	3	0	16	13	15:00:59	15	10	9347
3_3x3_1nsy	2	3	0	7	4	15:00:59	6	11	1636
3_3x3_1nsy	2	3	0	4	6	15:00:59	7	12	6702
3_3x3_1nsy	2	3	0	1	6	15:00:59	15	13	4738
3_3x3_1nsy	2	3	0	10	13	15:00:59	6	14	5682
3_3x3_1nsy	2	3	1	8	2	15:00:59	8	15	1840
3_3x3_1nsy	2	3	0	11	13	15:00:59	16	16	1477
3_3x3_1nsy	2	3	0	3	14	15:00:59	11	17	5928
3_3x3_1nsy	2	3	0	18	17	15:00:59	14	18	6531
3_3x3_1nsy	27	3	0	5	10	11:34:06	6	1	2926
3_3x3_1nsy	27	3	0	9	16	11:34:06	7	2	3932
3_3x3_1nsy	27	3	0	18	17	11:34:06	5	3	1800
3_3x3_1nsy	27	3	0	14	9	11:34:06	12	4	2680
3_3x3_1nsy	27	3	0	16	13	11:34:06	18	5	1051
3_3x3_1nsy	27	3	0	1	6	11:34:06	14	6	2372
3_3x3_1nsy	27	3	0	6	16	11:34:06	8	7	1722
3_3x3_1nsy	27	3	0	15	8	11:34:06	2	8	2305
3_3x3_1nsy	27	3	0	10	13	11:34:06	1	9	1020
3_3x3_1nsy	27	3	0	3	14	11:34:06	9	10	1902
3_3x3_1nsy	27	3	0	12	3	11:34:06	10	11	2663
3_3x3_1nsy	27	3	0	4	6	11:34:06	17	12	1717
3_3x3_1nsy	27	3	0	13	11	11:34:06	7	13	1621
3_3x3_1nsy	27	3	0	8	2	11:34:06	16	14	1574
3_3x3_1nsy	27	3	0	11	13	11:34:06	15	15	1686
3_3x3_1nsy	27	3	0	17	8	11:34:06	13	16	839
3_3x3_1nsy	27	3	0	7	4	11:34:06	4	17	4543
3_3x3_1nsy	27	3	0	2	18	11:34:06	3	18	1968
3_3x3_1nsy	6	2	1	1	6	15:44:31	1	1	1586
3_3x3_1nsy	6	2	0	12	3	15:44:31	18	2	2954
3_3x3_1nsy	6	2	0	4	6	15:44:31	2	3	1279
3_3x3_1nsy	6	2	0	7	4	15:44:31	9	4	2038
3_3x3_1nsy	6	2	0	13	11	15:44:31	5	5	2185
3_3x3_1nsy	6	2	0	6	16	15:44:31	12	6	1403
3_3x3_1nsy	6	2	0	2	18	15:44:31	14	7	3680
3_3x3_1nsy	6	2	0	5	10	15:44:31	16	8	1353
3_3x3_1nsy	6	2	0	10	13	15:44:31	15	9	1506
3_3x3_1nsy	6	2	0	9	16	15:44:31	17	10	2799
3_3x3_1nsy	6	2	0	16	13	15:44:31	10	11	1573
3_3x3_1nsy	6	2	0	18	17	15:44:31	5	12	2700
3_3x3_1nsy	6	2	0	3	14	15:44:31	7	13	2593
3_3x3_1nsy	6	2	0	11	13	15:44:31	14	14	5962
3_3x3_1nsy	6	2	0	17	8	15:44:31	8	15	2956
3_3x3_1nsy	6	2	0	15	8	15:44:31	4	16	1121
3_3x3_1nsy	6	2	1	8	2	15:44:31	8	17	1320
3_3x3_1nsy	6	2	0	14	9	15:44:31	11	18	4393
4_4x4_2nsy	10	4	0	11	13	16:43:30	18	1	1933
4_4x4_2nsy	10	4	0	6	16	16:43:30	8	2	1881
4_4x4_2nsy	10	4	0	4	6	16:43:30	10	3	1477
4_4x4_2nsy	10	4	0	18	17	16:43:30	12	4	1335
4_4x4_2nsy	10	4	0	15	8	16:43:30	5	5	2014
4_4x4_2nsy	10	4	0	12	3	16:43:30	3	6	1882
4_4x4_2nsy	10	4	0	3	14	16:43:30	2	7	2574
4_4x4_2nsy	10	4	0	1	6	16:43:30	9	8	1290
4_4x4_2nsy	10	4	0	16	13	16:43:30	6	9	3283
4_4x4_2nsy	10	4	1	17	8	16:43:30	17	10	1576
4_4x4_2nsy	10	4	0	8	2	16:43:30	4	11	1597
4_4x4_2nsy	10	4	0	5	10	16:43:30	14	12	3276
4_4x4_2nsy	10	4	0	2	18	16:43:30	16	13	1724
4_4x4_2nsy	10	4	0	10	13	16:43:30	11	14	2346
4_4x4_2nsy	10	4	0	13	11	16:43:30	11	15	4459
4_4x4_2nsy	10	4	0	14	9	16:43:30	1	16	2613
4_4x4_2nsy	10	4	1	7	4	16:43:30	7	17	2744
4_4x4_2nsy	10	4	0	9	16	16:43:30	7	18	3650
4_4x4_2nsy	15	1	0	4	6	16:56:09	3	1	4353
4_4x4_2nsy	15	1	0	12	3	16:56:09	18	2	3637
4_4x4_2nsy	15	1	0	5	10	16:56:09	13	3	2073
4_4x4_2nsy	15	1	0	10	13	16:56:09	6	4	1451
4_4x4_2nsy	15	1	0	9	16	16:56:09	12	5	2327
4_4x4_2nsy	15	1	0	1	6	16:56:09	14	6	6084
4_4x4_2nsy	15	1	1	7	4	16:56:09	7	7	2585
4_4x4_2nsy	15	1	0	6	16	16:56:09	2	8	1748
4_4x4_2nsy	15	1	0	14	9	16:56:09	17	9	2200
4_4x4_2nsy	15	1	0	17	8	16:56:09	1	10	4197
4_4x4_2nsy	15	1	0	3	14	16:56:09	7	11	2716
4_4x4_2nsy	15	1	0	16	13	16:56:09	11	12	4537
4_4x4_2nsy	15	1	0	15	8	16:56:09	16	13	3934
4_4x4_2nsy	15	1	0	13	11	16:56:09	5	14	1988
4_4x4_2nsy	15	1	0	2	18	16:56:09	15	15	2566
4_4x4_2nsy	15	1	0	11	13	16:56:09	18	16	2256
4_4x4_2nsy	15	1	1	8	2	16:56:09	8	17	3229
4_4x4_2nsy	15	1	0	18	17	16:56:09	10	18	2889
4_4x4_2nsy	19	1	0	11	13	09:45:09	18	1	9907
4_4x4_2nsy	19	1	1	7	4	09:45:09	7	2	1918
4_4x4_2nsy	19	1	0	8	2	09:45:09	1	3	10169
4_4x4_2nsy	19	1	0	14	9	09:45:09	12	4	3385
4_4x4_2nsy	19	1	0	6	16	09:45:09	9	5	1723
4_4x4_2nsy	19	1	0	12	3	09:45:09	2	6	4899
4_4x4_2nsy	19	1	0	5	10	09:45:09	13	7	2659
4_4x4_2nsy	19	1	1	17	8	09:45:09	17	8	3630
4_4x4_2nsy	19	1	0	2	18	09:45:09	8	9	4449
4_4x4_2nsy	19	1	0	18	17	09:45:09	11	10	1169
4_4x4_2nsy	19	1	0	15	8	09:45:09	11	11	2243
4_4x4_2nsy	19	1	0	1	6	09:45:09	3	12	5635
4_4x4_2nsy	19	1	0	3	14	09:45:09	14	13	4030
4_4x4_2nsy	19	1	0	9	16	09:45:09	18	14	10632
4_4x4_2nsy	19	1	0	10	13	09:45:09	6	15	7619
4_4x4_2nsy	19	1	1	16	13	09:45:09	16	16	2786
4_4x4_2nsy	19	1	0	4	6	09:45:09	12	17	5443
4_4x4_2nsy	19	1	0	13	11	09:45:09	6	18	1298
4_4x4_2nsy	2	4	1	11	13	15:12:36	11	1	2859
4_4x4_2nsy	2	4	0	14	9	15:12:36	8	2	3597
4_4x4_2nsy	2	4	0	15	8	15:12:36	6	3	6202
4_4x4_2nsy	2	4	0	12	3	15:12:36	13	4	9129
4_4x4_2nsy	2	4	0	6	16	15:12:36	7	5	3710
4_4x4_2nsy	2	4	0	10	13	15:12:36	3	6	11201
4_4x4_2nsy	2	4	0	5	10	15:12:36	1	7	4830
4_4x4_2nsy	2	4	1	4	6	15:12:36	4	8	6731
4_4x4_2nsy	2	4	0	13	11	15:12:36	14	9	5368
4_4x4_2nsy	2	4	0	16	13	15:12:36	14	10	13018
4_4x4_2nsy	2	4	0	8	2	15:12:36	12	11	4332
4_4x4_2nsy	2	4	0	3	14	15:12:36	13	12	4862
4_4x4_2nsy	2	4	0	9	16	15:12:36	10	13	1268
4_4x4_2nsy	2	4	0	18	17	15:12:36	17	14	6107
4_4x4_2nsy	2	4	0	2	18	15:12:36	12	15	2303
4_4x4_2nsy	2	4	0	17	8	15:12:36	16	16	4349
4_4x4_2nsy	2	4	0	7	4	15:12:36	18	17	6003
4_4x4_2nsy	2	4	0	1	6	15:12:36	12	18	3265
4_4x4_2nsy	27	4	0	7	4	11:44:33	4	1	1568
4_4x4_2nsy	27	4	0	17	8	11:44:33	15	2	1481
4_4x4_2nsy	27	4	0	10	13	11:44:33	6	3	1382
4_4x4_2nsy	27	4	0	3	14	11:44:33	17	4	16188
4_4x4_2nsy	27	4	0	18	17	11:44:33	3	5	897
4_4x4_2nsy	27	4	0	9	16	11:44:33	7	6	1548
4_4x4_2nsy	27	4	0	6	16	11:44:33	16	7	1247
4_4x4_2nsy	27	4	0	16	13	11:44:33	12	8	1114
4_4x4_2nsy	27	4	0	1	6	11:44:33	13	9	5057
4_4x4_2nsy	27	4	0	4	6	11:44:33	14	10	1101
4_4x4_2nsy	27	4	0	11	13	11:44:33	1	11	4625
4_4x4_2nsy	27	4	0	15	8	11:44:33	14	12	965
4_4x4_2nsy	27	4	0	8	2	11:44:33	11	13	1799
4_4x4_2nsy	27	4	1	5	10	11:44:33	5	14	1391
4_4x4_2nsy	27	4	1	2	18	11:44:33	2	15	5863
4_4x4_2nsy	27	4	0	12	3	11:44:33	9	16	3716
4_4x4_2nsy	27	4	0	13	11	11:44:33	10	17	1781
4_4x4_2nsy	27	4	0	14	9	11:44:33	15	18	3490
4_4x4_2nsy	6	1	0	7	4	15:26:26	16	1	3684
4_4x4_2nsy	6	1	0	6	16	15:26:26	16	2	5159
4_4x4_2nsy	6	1	0	15	8	15:26:26	3	3	4923
4_4x4_2nsy	6	1	0	8	2	15:26:26	18	4	3497
4_4x4_2nsy	6	1	0	12	3	15:26:26	2	5	2187
4_4x4_2nsy	6	1	0	18	17	15:26:26	10	6	2820
4_4x4_2nsy	6	1	0	5	10	15:26:26	7	7	2923
4_4x4_2nsy	6	1	0	11	13	15:26:26	14	8	2393
4_4x4_2nsy	6	1	0	1	6	15:26:26	2	9	1091
4_4x4_2nsy	6	1	0	4	6	15:26:26	12	10	4515
4_4x4_2nsy	6	1	0	10	13	15:26:26	1	11	5156
4_4x4_2nsy	6	1	0	3	14	15:26:26	7	12	4936
4_4x4_2nsy	6	1	0	13	11	15:26:26	2	13	2129
4_4x4_2nsy	6	1	0	17	8	15:26:26	1	14	2519
4_4x4_2nsy	6	1	0	16	13	15:26:26	5	15	1512
4_4x4_2nsy	6	1	1	9	16	15:26:26	9	16	2536
4_4x4_2nsy	6	1	0	2	18	15:26:26	18	17	1992
4_4x4_2nsy	6	1	0	14	9	15:26:26	15	18	1908
1_1x4	52	2	0	5	10	16:38:58	14	1	2318
1_1x4	52	2	0	14	9	16:38:58	2	2	6303
1_1x4	52	2	0	4	6	16:38:58	6	3	2492
1_1x4	52	2	1	15	8	16:38:58	15	4	2915
1_1x4	52	2	0	17	8	16:38:58	13	5	3005
1_1x4	52	2	0	12	3	16:38:58	3	6	2955
1_1x4	52	2	0	13	11	16:38:58	4	7	4543
1_1x4	52	2	0	7	4	16:38:58	10	8	3185
1_1x4	52	2	0	16	13	16:38:58	17	9	7644
1_1x4	52	2	0	11	13	16:38:58	7	10	1634
1_1x4	52	2	0	2	18	16:38:58	11	11	1430
1_1x4	52	2	0	1	6	16:38:58	8	12	3577
1_1x4	52	2	0	3	14	16:38:58	1	13	1759
1_1x4	52	2	1	18	17	16:38:58	18	14	1440
1_1x4	52	2	0	10	13	16:38:58	9	15	4059
1_1x4	52	2	0	9	16	16:38:58	5	16	1656
1_1x4	52	2	0	6	16	16:38:58	16	17	3387
1_1x4	52	2	0	8	2	16:38:58	7	18	10934
1_1x4	55	2	0	5	10	17:22:56	12	1	1207
1_1x4	55	2	0	18	17	17:22:56	5	2	1172
1_1x4	55	2	1	1	6	17:22:56	1	3	1416
1_1x4	55	2	0	2	18	17:22:56	18	4	881
1_1x4	55	2	0	14	9	17:22:56	1	5	968
1_1x4	55	2	1	4	6	17:22:56	4	6	639
1_1x4	55	2	0	9	16	17:22:56	7	7	615
1_1x4	55	2	0	11	13	17:22:56	3	8	715
1_1x4	55	2	0	16	13	17:22:56	5	9	546
1_1x4	55	2	1	13	11	17:22:56	13	10	684
1_1x4	55	2	0	15	8	17:22:56	2	11	608
1_1x4	55	2	0	6	16	17:22:56	10	12	591
1_1x4	55	2	0	12	3	17:22:56	13	13	590
1_1x4	55	2	0	8	2	17:22:56	3	14	1030
1_1x4	55	2	0	10	13	17:22:56	15	15	683
1_1x4	55	2	1	3	14	17:22:56	3	16	1340
1_1x4	55	2	0	7	4	17:22:56	3	17	833
1_1x4	55	2	0	17	8	17:22:56	15	18	566
2_1x3	52	1	0	11	13	15:23:56	2	1	14334
2_1x3	52	1	0	10	13	15:23:56	6	2	4535
2_1x3	52	1	1	18	17	15:23:56	18	3	3028
2_1x3	52	1	1	3	14	15:23:56	3	4	2986
2_1x3	52	1	0	8	2	15:23:56	5	5	2980
2_1x3	52	1	1	15	8	15:23:56	15	6	7658
2_1x3	52	1	1	4	6	15:23:56	4	7	2870
2_1x3	52	1	1	7	4	15:23:56	7	8	1838
2_1x3	52	1	1	1	6	15:23:56	1	9	4769
2_1x3	52	1	1	12	3	15:23:56	12	10	1218
2_1x3	52	1	1	16	13	15:23:56	16	11	3098
2_1x3	52	1	0	6	16	15:23:56	11	12	1954
2_1x3	52	1	1	5	10	15:23:56	5	13	4174
2_1x3	52	1	1	9	16	15:23:56	9	14	2614
2_1x3	52	1	0	2	18	15:23:56	8	15	6040
2_1x3	52	1	0	13	11	15:23:56	10	16	3459
2_1x3	52	1	0	17	8	15:23:56	6	17	3525
2_1x3	52	1	1	14	9	15:23:56	14	18	1411
2_1x3	55	1	0	12	3	17:13:23	7	1	3314
2_1x3	55	1	0	3	14	17:13:23	13	2	923
2_1x3	55	1	0	18	17	17:13:23	8	3	769
2_1x3	55	1	0	10	13	17:13:23	15	4	675
2_1x3	55	1	0	1	6	17:13:23	9	5	448
2_1x3	55	1	0	11	13	17:13:23	7	6	380
2_1x3	55	1	0	6	16	17:13:23	18	7	479
2_1x3	55	1	0	4	6	17:13:23	14	8	381
2_1x3	55	1	0	13	11	17:13:23	10	9	520
2_1x3	55	1	0	15	8	17:13:23	10	10	506
2_1x3	55	1	0	9	16	17:13:23	10	11	425
2_1x3	55	1	0	17	8	17:13:23	5	12	915
2_1x3	55	1	0	16	13	17:13:23	2	13	567
2_1x3	55	1	0	8	2	17:13:23	3	14	319
2_1x3	55	1	0	7	4	17:13:23	8	15	319
2_1x3	55	1	0	2	18	17:13:23	6	16	327
2_1x3	55	1	0	14	9	17:13:23	9	17	365
2_1x3	55	1	0	5	10	17:13:23	12	18	317
3_3x3_1nsy	52	4	0	14	9	17:02:02	5	1	2667
3_3x3_1nsy	52	4	0	18	17	17:02:02	11	2	6275
3_3x3_1nsy	52	4	0	13	11	17:02:02	2	3	3337
3_3x3_1nsy	52	4	0	6	16	17:02:02	14	4	6476
3_3x3_1nsy	52	4	0	7	4	17:02:02	15	5	2090
3_3x3_1nsy	52	4	0	1	6	17:02:02	13	6	9301
3_3x3_1nsy	52	4	0	16	13	17:02:02	18	7	4543
3_3x3_1nsy	52	4	0	4	6	17:02:02	9	8	3115
3_3x3_1nsy	52	4	0	5	10	17:02:02	10	9	3305
3_3x3_1nsy	52	4	0	11	13	17:02:02	6	10	1765
3_3x3_1nsy	52	4	0	2	18	17:02:02	12	11	2072
3_3x3_1nsy	52	4	0	15	8	17:02:02	17	12	1679
3_3x3_1nsy	52	4	0	12	3	17:02:02	7	13	2052
3_3x3_1nsy	52	4	0	17	8	17:02:02	3	14	3899
3_3x3_1nsy	52	4	1	8	2	17:02:02	8	15	1668
3_3x3_1nsy	52	4	0	9	16	17:02:02	4	16	1659
3_3x3_1nsy	52	4	0	10	13	17:02:02	16	17	2503
3_3x3_1nsy	52	4	0	3	14	17:02:02	10	18	7675
3_3x3_1nsy	55	4	0	10	13	17:44:05	7	1	694
3_3x3_1nsy	55	4	0	3	14	17:44:05	16	2	739
3_3x3_1nsy	55	4	0	18	17	17:44:05	5	3	8263
3_3x3_1nsy	55	4	0	1	6	17:44:05	12	4	996
3_3x3_1nsy	55	4	0	8	2	17:44:05	7	5	501
3_3x3_1nsy	55	4	0	14	9	17:44:05	13	6	291
3_3x3_1nsy	55	4	0	6	16	17:44:05	7	7	331
3_3x3_1nsy	55	4	0	9	16	17:44:05	14	8	290
3_3x3_1nsy	55	4	0	16	13	17:44:05	10	9	291
3_3x3_1nsy	55	4	0	12	3	17:44:05	5	10	982
3_3x3_1nsy	55	4	0	15	8	17:44:05	3	11	577
3_3x3_1nsy	55	4	0	13	11	17:44:05	2	12	279
3_3x3_1nsy	55	4	0	17	8	17:44:05	14	13	220
3_3x3_1nsy	55	4	0	5	10	17:44:05	12	14	301
3_3x3_1nsy	55	4	0	7	4	17:44:05	10	15	132
3_3x3_1nsy	55	4	1	4	6	17:44:05	4	16	217
3_3x3_1nsy	55	4	0	2	18	17:44:05	18	17	242
3_3x3_1nsy	55	4	0	11	13	17:44:05	3	18	238
4_4x4_2nsy	52	3	0	17	8	16:48:41	10	1	9936
4_4x4_2nsy	52	3	0	3	14	16:48:41	4	2	4640
4_4x4_2nsy	52	3	1	15	8	16:48:41	15	3	3275
4_4x4_2nsy	52	3	0	6	16	16:48:41	14	4	4082
4_4x4_2nsy	52	3	0	14	9	16:48:41	1	5	4007
4_4x4_2nsy	52	3	0	16	13	16:48:41	2	6	2634
4_4x4_2nsy	52	3	0	4	6	16:48:41	8	7	2557
4_4x4_2nsy	52	3	0	10	13	16:48:41	3	8	3830
4_4x4_2nsy	52	3	0	18	17	16:48:41	5	9	1710
4_4x4_2nsy	52	3	0	13	11	16:48:41	18	10	6385
4_4x4_2nsy	52	3	0	5	10	16:48:41	11	11	2645
4_4x4_2nsy	52	3	0	8	2	16:48:41	17	12	7284
4_4x4_2nsy	52	3	0	7	4	16:48:41	12	13	3351
4_4x4_2nsy	52	3	0	11	13	16:48:41	17	14	3414
4_4x4_2nsy	52	3	0	9	16	16:48:41	4	15	1423
4_4x4_2nsy	52	3	0	12	3	16:48:41	7	16	1783
4_4x4_2nsy	52	3	0	2	18	16:48:41	13	17	4426
4_4x4_2nsy	52	3	0	1	6	16:48:41	6	18	1911
4_4x4_2nsy	55	3	0	18	17	17:31:46	5	1	1338
4_4x4_2nsy	55	3	0	6	16	17:31:46	12	2	1083
4_4x4_2nsy	55	3	0	3	14	17:31:46	6	3	1036
4_4x4_2nsy	55	3	0	1	6	17:31:46	14	4	861
4_4x4_2nsy	55	3	0	2	18	17:31:46	16	5	1298
4_4x4_2nsy	55	3	0	5	10	17:31:46	10	6	999
4_4x4_2nsy	55	3	0	9	16	17:31:46	10	7	733
4_4x4_2nsy	55	3	1	4	6	17:31:46	4	8	789
4_4x4_2nsy	55	3	1	8	2	17:31:46	8	9	819
4_4x4_2nsy	55	3	0	12	3	17:31:46	13	10	929
4_4x4_2nsy	55	3	0	10	13	17:31:46	1	11	567
4_4x4_2nsy	55	3	0	7	4	17:31:46	10	12	425
4_4x4_2nsy	55	3	0	17	8	17:31:46	5	13	680
4_4x4_2nsy	55	3	0	15	8	17:31:46	8	14	839
4_4x4_2nsy	55	3	0	14	9	17:31:46	10	15	659
4_4x4_2nsy	55	3	0	13	11	17:31:46	2	16	932
4_4x4_2nsy	55	3	0	11	13	17:31:46	3	17	771
4_4x4_2nsy	55	3	0	16	13	17:31:46	5	18	358
1_1x4	50	2	0	13	11	16:00:14	16	1	3854
1_1x4	50	2	0	10	13	16:00:14	3	2	1639
1_1x4	50	2	1	11	13	16:00:14	11	3	6019
1_1x4	50	2	0	12	3	16:00:14	9	4	5257
1_1x4	50	2	0	2	18	16:00:14	4	5	5515
1_1x4	50	2	0	9	16	16:00:14	17	6	2445
1_1x4	50	2	0	6	16	16:00:14	15	7	2182
1_1x4	50	2	1	5	10	16:00:14	5	8	1639
1_1x4	50	2	0	7	4	16:00:14	2	9	2058
1_1x4	50	2	0	4	6	16:00:14	10	10	3860
1_1x4	50	2	1	1	6	16:00:14	1	11	2618
1_1x4	50	2	0	8	2	16:00:14	5	12	4896
1_1x4	50	2	0	17	8	16:00:14	16	13	3951
1_1x4	50	2	0	14	9	16:00:14	7	14	6174
1_1x4	50	2	0	3	14	16:00:14	8	15	4198
1_1x4	50	2	0	16	13	16:00:14	13	16	5265
1_1x4	50	2	0	15	8	16:00:14	9	17	4401
1_1x4	50	2	0	18	17	16:00:14	14	18	6423
1_1x4	53	2	1	5	10	17:32:49	5	1	4557
1_1x4	53	2	0	13	11	17:32:49	17	2	3759
1_1x4	53	2	0	4	6	17:32:49	8	3	2626
1_1x4	53	2	1	3	14	17:32:49	3	4	1841
1_1x4	53	2	0	9	16	17:32:49	10	5	4984
1_1x4	53	2	1	16	13	17:32:49	16	6	2135
1_1x4	53	2	1	7	4	17:32:49	7	7	1517
1_1x4	53	2	0	8	2	17:32:49	17	8	5046
1_1x4	53	2	0	18	17	17:32:49	9	9	4701
1_1x4	53	2	0	15	8	17:32:49	12	10	2817
1_1x4	53	2	0	14	9	17:32:49	6	11	4579
1_1x4	53	2	1	1	6	17:32:49	1	12	1304
1_1x4	53	2	0	10	13	17:32:49	2	13	4627
1_1x4	53	2	0	12	3	17:32:49	15	14	4917
1_1x4	53	2	0	6	16	17:32:49	18	15	3395
1_1x4	53	2	1	11	13	17:32:49	11	16	6418
1_1x4	53	2	0	17	8	17:32:49	14	17	10475
1_1x4	53	2	0	2	18	17:32:49	13	18	1303
2_1x3	50	1	0	6	16	15:45:33	4	1	8779
2_1x3	50	1	1	12	3	15:45:33	12	2	1621
2_1x3	50	1	0	14	9	15:45:33	1	3	8260
2_1x3	50	1	0	1	6	15:45:33	5	4	5232
2_1x3	50	1	0	15	8	15:45:33	8	5	2124
2_1x3	50	1	0	9	16	15:45:33	3	6	6663
2_1x3	50	1	0	10	13	15:45:33	2	7	2522
2_1x3	50	1	0	2	18	15:45:33	9	8	4595
2_1x3	50	1	0	17	8	15:45:33	16	9	4145
2_1x3	50	1	0	5	10	15:45:33	15	10	5322
2_1x3	50	1	0	18	17	15:45:33	1	11	4940
2_1x3	50	1	1	3	14	15:45:33	3	12	2207
2_1x3	50	1	0	11	13	15:45:33	18	13	3047
2_1x3	50	1	0	13	11	15:45:33	7	14	3724
2_1x3	50	1	0	7	4	15:45:33	13	15	5596
2_1x3	50	1	0	4	6	15:45:33	18	16	6969
2_1x3	50	1	0	16	13	15:45:33	11	17	4891
2_1x3	50	1	0	8	2	15:45:33	15	18	2931
2_1x3	53	1	0	14	9	16:57:58	6	1	3118
2_1x3	53	1	0	6	16	16:57:58	17	2	4670
2_1x3	53	1	0	9	16	16:57:58	12	3	6837
2_1x3	53	1	0	10	13	16:57:58	18	4	12592
2_1x3	53	1	0	17	8	16:57:58	7	5	2586
2_1x3	53	1	0	4	6	16:57:58	8	6	3292
2_1x3	53	1	0	15	8	16:57:58	11	7	2085
2_1x3	53	1	0	1	6	16:57:58	10	8	1846
2_1x3	53	1	0	16	13	16:57:58	5	9	1962
2_1x3	53	1	0	2	18	16:57:58	4	10	3425
2_1x3	53	1	0	18	17	16:57:58	3	11	2088
2_1x3	53	1	1	13	11	16:57:58	13	12	4709
2_1x3	53	1	0	8	2	16:57:58	2	13	3153
2_1x3	53	1	0	7	4	16:57:58	14	14	4966
2_1x3	53	1	0	5	10	16:57:58	16	15	2632
2_1x3	53	1	0	3	14	16:57:58	9	16	1000
2_1x3	53	1	0	12	3	16:57:58	6	17	3290
2_1x3	53	1	0	11	13	16:57:58	18	18	6018
3_3x3_1nsy	50	3	0	5	10	16:10:31	12	1	2468
3_3x3_1nsy	50	3	0	8	2	16:10:31	15	2	2315
3_3x3_1nsy	50	3	0	15	8	16:10:31	2	3	5229
3_3x3_1nsy	50	3	0	18	17	16:10:31	1	4	2979
3_3x3_1nsy	50	3	0	6	16	16:10:31	16	5	4505
3_3x3_1nsy	50	3	1	13	11	16:10:31	13	6	2124
3_3x3_1nsy	50	3	0	12	3	16:10:31	6	7	3627
3_3x3_1nsy	50	3	0	9	16	16:10:31	2	8	5577
3_3x3_1nsy	50	3	1	4	6	16:10:31	4	9	2383
3_3x3_1nsy	50	3	0	16	13	16:10:31	5	10	2997
3_3x3_1nsy	50	3	0	7	4	16:10:31	14	11	5528
3_3x3_1nsy	50	3	0	14	9	16:10:31	18	12	1950
3_3x3_1nsy	50	3	0	10	13	16:10:31	9	13	4769
3_3x3_1nsy	50	3	0	1	6	16:10:31	10	14	2987
3_3x3_1nsy	50	3	0	3	14	16:10:31	1	15	1965
3_3x3_1nsy	50	3	0	17	8	16:10:31	7	16	5072
3_3x3_1nsy	50	3	1	11	13	16:10:31	11	17	9326
3_3x3_1nsy	50	3	0	2	18	16:10:31	3	18	2835
3_3x3_1nsy	53	4	0	5	10	17:57:16	15	1	1265
3_3x3_1nsy	53	4	0	11	13	17:57:16	13	2	1139
3_3x3_1nsy	53	4	0	14	9	17:57:16	12	3	1501
3_3x3_1nsy	53	4	0	4	6	17:57:16	10	4	2215
3_3x3_1nsy	53	4	0	17	8	17:57:16	11	5	904
3_3x3_1nsy	53	4	0	16	13	17:57:16	1	6	857
3_3x3_1nsy	53	4	0	1	6	17:57:16	8	7	943
3_3x3_1nsy	53	4	0	9	16	17:57:16	2	8	1276
3_3x3_1nsy	53	4	0	7	4	17:57:16	6	9	1388
3_3x3_1nsy	53	4	0	13	11	17:57:16	18	10	1580
3_3x3_1nsy	53	4	0	6	16	17:57:16	11	11	1484
3_3x3_1nsy	53	4	0	10	13	17:57:16	15	12	1418
3_3x3_1nsy	53	4	0	15	8	17:57:16	17	13	2961
3_3x3_1nsy	53	4	0	12	3	17:57:16	14	14	1548
3_3x3_1nsy	53	4	0	18	17	17:57:16	3	15	1134
3_3x3_1nsy	53	4	0	3	14	17:57:16	7	16	1294
3_3x3_1nsy	53	4	0	8	2	17:57:16	16	17	1333
3_3x3_1nsy	53	4	0	2	18	17:57:16	9	18	3660
4_4x4_2nsy	53	3	0	5	10	17:43:26	11	1	1724
4_4x4_2nsy	53	3	0	7	4	17:43:26	4	2	1593
4_4x4_2nsy	53	3	0	2	18	17:43:26	16	3	2251
4_4x4_2nsy	53	3	0	16	13	17:43:26	17	4	2363
4_4x4_2nsy	53	3	0	10	13	17:43:26	6	5	1365
4_4x4_2nsy	53	3	0	11	13	17:43:26	7	6	2737
4_4x4_2nsy	53	3	0	4	6	17:43:26	1	7	2689
4_4x4_2nsy	53	3	0	14	9	17:43:26	8	8	1171
4_4x4_2nsy	53	3	0	8	2	17:43:26	12	9	2282
4_4x4_2nsy	53	3	0	9	16	17:43:26	5	10	1886
4_4x4_2nsy	53	3	0	13	11	17:43:26	2	11	2937
4_4x4_2nsy	53	3	0	3	14	17:43:26	15	12	2164
4_4x4_2nsy	53	3	0	15	8	17:43:26	13	13	1222
4_4x4_2nsy	53	3	0	18	17	17:43:26	14	14	5325
4_4x4_2nsy	53	3	0	17	8	17:43:26	18	15	1500
4_4x4_2nsy	53	3	0	1	6	17:43:26	10	16	7431
4_4x4_2nsy	53	3	0	12	3	17:43:26	4	17	1213
4_4x4_2nsy	53	3	0	6	16	17:43:26	15	18	1586
1_1x4	51	2	1	12	3	16:25:51	12	1	2346
1_1x4	51	2	0	1	6	16:25:51	7	2	2028
1_1x4	51	2	0	4	6	16:25:51	12	3	1441
1_1x4	51	2	1	17	8	16:25:51	17	4	2433
1_1x4	51	2	0	5	10	16:25:51	9	5	2125
1_1x4	51	2	0	14	9	16:25:51	15	6	2144
1_1x4	51	2	0	9	16	16:25:51	10	7	1330
1_1x4	51	2	1	7	4	16:25:51	7	8	1441
1_1x4	51	2	0	15	8	16:25:51	3	9	2576
1_1x4	51	2	0	10	13	16:25:51	13	10	2644
1_1x4	51	2	0	13	11	16:25:51	8	11	801
1_1x4	51	2	0	11	13	16:25:51	18	12	1100
1_1x4	51	2	0	16	13	16:25:51	5	13	1449
1_1x4	51	2	0	8	2	16:25:51	1	14	2559
1_1x4	51	2	0	3	14	16:25:51	4	15	1299
1_1x4	51	2	0	6	16	16:25:51	12	16	2369
1_1x4	51	2	0	2	18	16:25:51	6	17	1174
1_1x4	51	2	0	18	17	16:25:51	10	18	1401
1_1x4	54	2	0	6	16	17:18:54	17	1	1297
1_1x4	54	2	0	9	16	17:18:54	13	2	1446
1_1x4	54	2	0	14	9	17:18:54	3	3	1575
1_1x4	54	2	0	13	11	17:18:54	18	4	1428
1_1x4	54	2	0	5	10	17:18:54	9	5	2419
1_1x4	54	2	0	2	18	17:18:54	7	6	1561
1_1x4	54	2	0	7	4	17:18:54	4	7	1371
1_1x4	54	2	0	18	17	17:18:54	7	8	1187
1_1x4	54	2	0	15	8	17:18:54	11	9	1315
1_1x4	54	2	0	1	6	17:18:54	17	10	1332
1_1x4	54	2	0	3	14	17:18:54	14	11	1154
1_1x4	54	2	0	4	6	17:18:54	6	12	1209
1_1x4	54	2	0	17	8	17:18:54	18	13	1188
1_1x4	54	2	0	12	3	17:18:54	15	14	1450
1_1x4	54	2	0	8	2	17:18:54	9	15	1354
1_1x4	54	2	0	16	13	17:18:54	4	16	1633
1_1x4	54	2	0	10	13	17:18:54	1	17	1156
1_1x4	54	2	0	11	13	17:18:54	15	18	1044
2_1x3	51	1	0	17	8	15:32:51	3	1	3946
2_1x3	51	1	0	9	16	15:32:51	1	2	3308
2_1x3	51	1	0	8	2	15:32:51	7	3	1639
2_1x3	51	1	0	15	8	15:32:51	7	4	1306
2_1x3	51	1	0	12	3	15:32:51	2	5	2215
2_1x3	51	1	0	10	13	15:32:51	7	6	1665
2_1x3	51	1	0	5	10	15:32:51	8	7	1954
2_1x3	51	1	0	4	6	15:32:51	10	8	1208
2_1x3	51	1	0	6	16	15:32:51	18	9	1497
2_1x3	51	1	0	11	13	15:32:51	6	10	1090
2_1x3	51	1	0	13	11	15:32:51	18	11	1979
2_1x3	51	1	0	18	17	15:32:51	7	12	1182
2_1x3	51	1	0	16	13	15:32:51	7	13	1451
2_1x3	51	1	0	3	14	15:32:51	12	14	788
2_1x3	51	1	0	1	6	15:32:51	2	15	727
2_1x3	51	1	0	2	18	15:32:51	6	16	1219
2_1x3	51	1	0	14	9	15:32:51	4	17	1184
2_1x3	51	1	0	7	4	15:32:51	8	18	725
2_1x3	54	1	0	18	17	16:57:49	4	1	4109
2_1x3	54	1	0	12	3	16:57:49	7	2	2536
2_1x3	54	1	0	14	9	16:57:49	8	3	2579
2_1x3	54	1	1	7	4	16:57:49	7	4	1425
2_1x3	54	1	0	15	8	16:57:49	8	5	1806
2_1x3	54	1	0	4	6	16:57:49	13	6	2708
2_1x3	54	1	1	16	13	16:57:49	16	7	2002
2_1x3	54	1	0	10	13	16:57:49	14	8	2766
2_1x3	54	1	0	1	6	16:57:49	3	9	3704
2_1x3	54	1	0	9	16	16:57:49	14	10	1438
2_1x3	54	1	1	13	11	16:57:49	13	11	1938
2_1x3	54	1	0	11	13	16:57:49	6	12	1348
2_1x3	54	1	0	6	16	16:57:49	4	13	1688
2_1x3	54	1	0	8	2	16:57:49	6	14	2736
2_1x3	54	1	0	2	18	16:57:49	11	15	1730
2_1x3	54	1	0	5	10	16:57:49	15	16	2565
2_1x3	54	1	0	17	8	16:57:49	1	17	1335
2_1x3	54	1	0	3	14	16:57:49	5	18	2457
3_3x3_1nsy	51	4	0	7	4	16:47:21	2	1	2434
3_3x3_1nsy	51	4	0	16	13	16:47:21	7	2	1766
3_3x3_1nsy	51	4	0	11	13	16:47:21	6	3	1335
3_3x3_1nsy	51	4	0	18	17	16:47:21	5	4	1444
3_3x3_1nsy	51	4	0	15	8	16:47:21	3	5	875
3_3x3_1nsy	51	4	0	12	3	16:47:21	13	6	1357
3_3x3_1nsy	51	4	0	4	6	16:47:21	14	7	851
3_3x3_1nsy	51	4	1	8	2	16:47:21	8	8	1225
3_3x3_1nsy	51	4	0	9	16	16:47:21	17	9	1030
3_3x3_1nsy	51	4	0	17	8	16:47:21	15	10	1126
3_3x3_1nsy	51	4	0	3	14	16:47:21	2	11	1163
3_3x3_1nsy	51	4	0	13	11	16:47:21	7	12	924
3_3x3_1nsy	51	4	0	1	6	16:47:21	5	13	921
3_3x3_1nsy	51	4	0	10	13	16:47:21	8	14	824
3_3x3_1nsy	51	4	0	14	9	16:47:21	12	15	1091
3_3x3_1nsy	51	4	0	5	10	16:47:21	7	16	872
3_3x3_1nsy	51	4	1	6	16	16:47:21	6	17	3833
3_3x3_1nsy	51	4	0	2	18	16:47:21	18	18	943
3_3x3_1nsy	54	4	0	8	2	17:40:11	14	1	3084
3_3x3_1nsy	54	4	0	4	6	17:40:11	15	2	1081
3_3x3_1nsy	54	4	0	9	16	17:40:11	4	3	1920
3_3x3_1nsy	54	4	0	10	13	17:40:11	14	4	2046
3_3x3_1nsy	54	4	0	12	3	17:40:11	3	5	1915
3_3x3_1nsy	54	4	0	14	9	17:40:11	13	6	1109
3_3x3_1nsy	54	4	0	11	13	17:40:11	8	7	1108
3_3x3_1nsy	54	4	0	7	4	17:40:11	5	8	2016
3_3x3_1nsy	54	4	0	3	14	17:40:11	6	9	1587
3_3x3_1nsy	54	4	0	13	11	17:40:11	7	10	1898
3_3x3_1nsy	54	4	0	16	13	17:40:11	18	11	1436
3_3x3_1nsy	54	4	0	15	8	17:40:11	2	12	1657
3_3x3_1nsy	54	4	0	2	18	17:40:11	13	13	1673
3_3x3_1nsy	54	4	0	18	17	17:40:11	16	14	1569
3_3x3_1nsy	54	4	0	5	10	17:40:11	3	15	3091
3_3x3_1nsy	54	4	0	17	8	17:40:11	7	16	1660
3_3x3_1nsy	54	4	0	6	16	17:40:11	17	17	1079
3_3x3_1nsy	54	4	0	1	6	17:40:11	7	18	7174
4_4x4_2nsy	51	3	0	4	6	16:35:03	15	1	1912
4_4x4_2nsy	51	3	0	14	9	16:35:03	16	2	1435
4_4x4_2nsy	51	3	0	10	13	16:35:03	1	3	1199
4_4x4_2nsy	51	3	0	1	6	16:35:03	3	4	1758
4_4x4_2nsy	51	3	0	6	16	16:35:03	17	5	918
4_4x4_2nsy	51	3	0	5	10	16:35:03	12	6	1297
4_4x4_2nsy	51	3	0	3	14	16:35:03	7	7	1161
4_4x4_2nsy	51	3	0	9	16	16:35:03	10	8	1260
4_4x4_2nsy	51	3	0	8	2	16:35:03	17	9	2016
4_4x4_2nsy	51	3	0	7	4	16:35:03	2	10	1282
4_4x4_2nsy	51	3	0	16	13	16:35:03	11	11	2214
4_4x4_2nsy	51	3	0	11	13	16:35:03	4	12	1201
4_4x4_2nsy	51	3	0	12	3	16:35:03	3	13	1670
4_4x4_2nsy	51	3	1	2	18	16:35:03	2	14	1335
4_4x4_2nsy	51	3	0	15	8	16:35:03	1	15	1284
4_4x4_2nsy	51	3	0	17	8	16:35:03	10	16	773
4_4x4_2nsy	51	3	0	13	11	16:35:03	15	17	1013
4_4x4_2nsy	51	3	0	18	17	16:35:03	5	18	1183
4_4x4_2nsy	54	3	0	18	17	17:27:45	4	1	1567
4_4x4_2nsy	54	3	0	1	6	17:27:45	10	2	1946
4_4x4_2nsy	54	3	0	7	4	17:27:45	4	3	1429
4_4x4_2nsy	54	3	0	5	10	17:27:45	4	4	1626
4_4x4_2nsy	54	3	1	15	8	17:27:45	15	5	1577
4_4x4_2nsy	54	3	0	8	2	17:27:45	7	6	1349
4_4x4_2nsy	54	3	1	9	16	17:27:45	9	7	1397
4_4x4_2nsy	54	3	0	14	9	17:27:45	18	8	1187
4_4x4_2nsy	54	3	0	17	8	17:27:45	12	9	1508
4_4x4_2nsy	54	3	0	4	6	17:27:45	12	10	1167
4_4x4_2nsy	54	3	1	16	13	17:27:45	16	11	1972
4_4x4_2nsy	54	3	0	12	3	17:27:45	1	12	1339
4_4x4_2nsy	54	3	0	13	11	17:27:45	6	13	1686
4_4x4_2nsy	54	3	0	10	13	17:27:45	1	14	1359
4_4x4_2nsy	54	3	0	6	16	17:27:45	8	15	1305
4_4x4_2nsy	54	3	0	11	13	17:27:45	2	16	1804
4_4x4_2nsy	54	3	0	3	14	17:27:45	10	17	1018
4_4x4_2nsy	54	3	0	2	18	17:27:45	11	18	821
