ExperimentName	Subject	Session	Correct	CorrectAns	Response	TestID	TestSlide.RT	SessionTime
2_	4	2	0	1	9	1	7148	16:18:54
2_	4	2	0	2	7	2	1516	16:18:54
2_	4	2	0	3	12	3	539	16:18:54
2_	4	2	0	4	17	4	1036	16:18:54
2_	4	2	0	5	11	5	1100	16:18:54
2_	4	2	0	6	14	6	990	16:18:54
2_	4	2	0	7	2	7	1154	16:18:54
2_	4	2	0	8	11	8	754	16:18:54
2_	4	2	0	9	17	9	805	16:18:54
2_	4	2	0	10	9	10	913	16:18:54
2_	4	2	0	11	6	11	712	16:18:54
2_	4	2	0	12	17	12	846	16:18:54
2_	4	2	0	13	8	13	995	16:18:54
2_	4	2	1	14	14	14	500	16:18:54
2_	4	2	0	15	5	15	641	16:18:54
2_	4	2	0	16	13	16	1109	16:18:54
2_	4	2	0	17	1	17	1641	16:18:54
2_	4	2	0	18	5	18	669	16:18:54
2_	9	2	0	1	4	1	5020	17:14:05
2_	9	2	0	2	3	2	3868	17:14:05
2_	9	2	0	3	18	3	1004	17:14:05
2_	9	2	0	4	15	4	3326	17:14:05
2_	9	2	1	5	5	5	3616	17:14:05
2_	9	2	0	6	14	6	4343	17:14:05
2_	9	2	0	7	6	7	6745	17:14:05
2_	9	2	0	8	11	8	2647	17:14:05
2_	9	2	0	9	17	9	3190	17:14:05
2_	9	2	0	10	16	10	2209	17:14:05
2_	9	2	1	11	11	11	2306	17:14:05
2_	9	2	0	12	8	12	2806	17:14:05
2_	9	2	0	13	18	13	2887	17:14:05
2_	9	2	0	14	1	14	3381	17:14:05
2_	9	2	0	15	10	15	1761	17:14:05
2_	9	2	0	16	2	16	1051	17:14:05
2_	9	2	1	17	17	17	1077	17:14:05
2_	9	2	0	18	7	18	2336	17:14:05
3_	4	3	0	1	10	1	2380	16:27:05
3_	4	3	0	2	12	2	7618	16:27:05
3_	4	3	0	3	17	3	1749	16:27:05
3_	4	3	0	4	8	4	2945	16:27:05
3_	4	3	1	5	5	5	4276	16:27:05
3_	4	3	0	6	1	6	8618	16:27:05
3_	4	3	0	7	2	7	2662	16:27:05
3_	4	3	0	8	12	8	2216	16:27:05
3_	4	3	0	9	18	9	3083	16:27:05
3_	4	3	1	10	10	10	1727	16:27:05
3_	4	3	0	11	3	11	3272	16:27:05
3_	4	3	0	12	9	12	1874	16:27:05
3_	4	3	0	13	7	13	839	16:27:05
3_	4	3	0	14	7	14	1084	16:27:05
3_	4	3	1	15	15	15	867	16:27:05
3_	4	3	1	16	16	16	4720	16:27:05
3_	4	3	0	17	8	17	3490	16:27:05
3_	4	3	0	18	2	18	2490	16:27:05
3_	9	3	0	1	13	1	10456	17:21:30
3_	9	3	0	2	8	2	2401	17:21:30
3_	9	3	0	3	12	3	1658	17:21:30
3_	9	3	0	4	7	4	2752	17:21:30
3_	9	3	0	5	6	5	2712	17:21:30
3_	9	3	0	6	4	6	1301	17:21:30
3_	9	3	0	7	11	7	1466	17:21:30
3_	9	3	0	8	5	8	1641	17:21:30
3_	9	3	0	9	5	9	2500	17:21:30
3_	9	3	1	10	10	10	1577	17:21:30
3_	9	3	0	11	2	11	1233	17:21:30
3_	9	3	0	12	15	12	2045	17:21:30
3_	9	3	0	13	9	13	4895	17:21:30
3_	9	3	0	14	12	14	4408	17:21:30
3_	9	3	0	15	13	15	2731	17:21:30
3_	9	3	1	16	16	16	1841	17:21:30
3_	9	3	1	17	17	17	1675	17:21:30
3_	9	3	0	18	14	18	3182	17:21:30
4_	4	4	0	1	15	1	1637	16:35:33
4_	4	4	0	2	8	2	972	16:35:33
4_	4	4	0	3	17	3	620	16:35:33
4_	4	4	0	4	2	4	1072	16:35:33
4_	4	4	0	5	9	5	1513	16:35:33
4_	4	4	0	6	12	6	1590	16:35:33
4_	4	4	0	7	9	7	941	16:35:33
4_	4	4	0	8	6	8	1786	16:35:33
4_	4	4	0	9	1	9	667	16:35:33
4_	4	4	0	10	5	10	1302	16:35:33
4_	4	4	1	11	11	11	2070	16:35:33
4_	4	4	0	12	7	12	1839	16:35:33
4_	4	4	0	13	10	13	758	16:35:33
4_	4	4	0	14	18	14	3299	16:35:33
4_	4	4	0	15	16	15	2246	16:35:33
4_	4	4	0	16	3	16	2031	16:35:33
4_	4	4	0	17	5	17	1338	16:35:33
4_	4	4	0	18	10	18	975	16:35:33
4_	9	4	1	1	1	1	2858	17:29:46
4_	9	4	1	2	2	2	3047	17:29:46
4_	9	4	0	3	17	3	3220	17:29:46
4_	9	4	0	4	1	4	3192	17:29:46
4_	9	4	0	5	14	5	2177	17:29:46
4_	9	4	0	6	13	6	1027	17:29:46
4_	9	4	0	7	5	7	4429	17:29:46
4_	9	4	0	8	6	8	1044	17:29:46
4_	9	4	0	9	7	9	1521	17:29:46
4_	9	4	0	10	3	10	2083	17:29:46
4_	9	4	1	11	11	11	2188	17:29:46
4_	9	4	1	12	12	12	2841	17:29:46
4_	9	4	0	13	9	13	3072	17:29:46
4_	9	4	0	14	18	14	2937	17:29:46
4_	9	4	0	15	6	15	1526	17:29:46
4_	9	4	1	16	16	16	1401	17:29:46
4_	9	4	0	17	10	17	3187	17:29:46
4_	9	4	0	18	4	18	2905	17:29:46
2_	5	2	0	1	14	1	6861	15:33:05
2_	5	2	0	2	7	2	3378	15:33:05
2_	5	2	1	3	3	3	2024	15:33:05
2_	5	2	0	4	5	4	1774	15:33:05
2_	5	2	0	5	8	5	5551	15:33:05
2_	5	2	1	6	6	6	1626	15:33:05
2_	5	2	0	7	17	7	5098	15:33:05
2_	5	2	1	8	8	8	2017	15:33:05
2_	5	2	0	9	11	9	1619	15:33:05
2_	5	2	0	10	1	10	2914	15:33:05
2_	5	2	0	11	10	11	1643	15:33:05
2_	5	2	0	12	14	12	2450	15:33:05
2_	5	2	0	13	18	13	3563	15:33:05
2_	5	2	0	14	15	14	2587	15:33:05
2_	5	2	0	15	17	15	1279	15:33:05
2_	5	2	0	16	2	16	2442	15:33:05
2_	5	2	0	17	6	17	4489	15:33:05
2_	5	2	0	18	1	18	1074	15:33:05
3_	5	3	0	1	6	1	4114	15:40:29
3_	5	3	1	2	2	2	1507	15:40:29
3_	5	3	1	3	3	3	2006	15:40:29
3_	5	3	0	4	16	4	3681	15:40:29
3_	5	3	0	5	1	5	4557	15:40:29
3_	5	3	0	6	9	6	3419	15:40:29
3_	5	3	0	7	9	7	7354	15:40:29
3_	5	3	0	8	5	8	2263	15:40:29
3_	5	3	0	9	5	9	3722	15:40:29
3_	5	3	0	10	1	10	4083	15:40:29
3_	5	3	1	11	11	11	1686	15:40:29
3_	5	3	0	12	13	12	4820	15:40:29
3_	5	3	0	13	14	13	8906	15:40:29
3_	5	3	0	14	5	14	2503	15:40:29
3_	5	3	1	15	15	15	1522	15:40:29
3_	5	3	0	16	5	16	3955	15:40:29
3_	5	3	1	17	17	17	1921	15:40:29
3_	5	3	1	18	18	18	6514	15:40:29
4_	5	4	0	1	12	1	2448	15:48:41
4_	5	4	1	2	2	2	3831	15:48:41
4_	5	4	0	3	16	3	3280	15:48:41
4_	5	4	0	4	13	4	3421	15:48:41
4_	5	4	0	5	14	5	1795	15:48:41
4_	5	4	0	6	17	6	1963	15:48:41
4_	5	4	1	7	7	7	5038	15:48:41
4_	5	4	1	8	8	8	4871	15:48:41
4_	5	4	0	9	10	9	2166	15:48:41
4_	5	4	1	10	10	10	4231	15:48:41
4_	5	4	1	11	11	11	2316	15:48:41
4_	5	4	0	12	3	12	3237	15:48:41
4_	5	4	0	13	1	13	5054	15:48:41
4_	5	4	0	14	4	14	3125	15:48:41
4_	5	4	0	15	9	15	1302	15:48:41
4_	5	4	0	16	15	16	4021	15:48:41
4_	5	4	1	17	17	17	1253	15:48:41
4_	5	4	0	18	5	18	3387	15:48:41
2_	3	2	0	1	16	1	4076	15:39:16
2_	3	2	1	2	2	2	3736	15:39:16
2_	3	2	0	3	14	3	1553	15:39:16
2_	3	2	0	4	15	4	1783	15:39:16
2_	3	2	0	5	17	5	3011	15:39:16
2_	3	2	1	6	6	6	4771	15:39:16
2_	3	2	0	7	10	7	3147	15:39:16
2_	3	2	0	8	4	8	2367	15:39:16
2_	3	2	1	9	9	9	3016	15:39:16
2_	3	2	0	10	1	10	3747	15:39:16
2_	3	2	0	11	13	11	3937	15:39:16
2_	3	2	0	12	17	12	2105	15:39:16
2_	3	2	0	13	7	13	7903	15:39:16
2_	3	2	0	14	15	14	3579	15:39:16
2_	3	2	0	15	18	15	1512	15:39:16
2_	3	2	0	16	11	16	5009	15:39:16
2_	3	2	0	17	10	17	4060	15:39:16
2_	3	2	0	18	8	18	2303	15:39:16
2_	8	2	0	1	16	1	13000	16:57:29
2_	8	2	1	2	2	2	10519	16:57:29
2_	8	2	1	3	3	3	1502	16:57:29
2_	8	2	0	4	15	4	4836	16:57:29
2_	8	2	1	5	5	5	1566	16:57:29
2_	8	2	0	6	9	6	2567	16:57:29
2_	8	2	0	7	1	7	4690	16:57:29
2_	8	2	1	8	8	8	3139	16:57:29
2_	8	2	0	9	18	9	2649	16:57:29
2_	8	2	0	10	7	10	5994	16:57:29
2_	8	2	0	11	12	11	3121	16:57:29
2_	8	2	0	12	17	12	8864	16:57:29
2_	8	2	0	13	18	13	9033	16:57:29
2_	8	2	0	14	6	14	7547	16:57:29
2_	8	2	0	15	1	15	3534	16:57:29
2_	8	2	0	16	9	16	3519	16:57:29
2_	8	2	0	17	6	17	5007	16:57:29
2_	8	2	0	18	7	18	1995	16:57:29
3_	3	3	1	1	1	1	2496	15:46:32
3_	3	3	1	2	2	2	2927	15:46:32
3_	3	3	1	3	3	3	1469	15:46:32
3_	3	3	1	4	4	4	1926	15:46:32
3_	3	3	1	5	5	5	1554	15:46:32
3_	3	3	1	6	6	6	1369	15:46:32
3_	3	3	1	7	7	7	1737	15:46:32
3_	3	3	1	8	8	8	2036	15:46:32
3_	3	3	1	9	9	9	1826	15:46:32
3_	3	3	1	10	10	10	6221	15:46:32
3_	3	3	1	11	11	11	2059	15:46:32
3_	3	3	0	12	15	12	7822	15:46:32
3_	3	3	1	13	13	13	2055	15:46:32
3_	3	3	1	14	14	14	2744	15:46:32
3_	3	3	0	15	16	15	7083	15:46:32
3_	3	3	1	16	16	16	3450	15:46:32
3_	3	3	1	17	17	17	2247	15:46:32
3_	3	3	1	18	18	18	2398	15:46:32
3_	8	3	0	1	12	1	3553	17:05:44
3_	8	3	1	2	2	2	7920	17:05:44
3_	8	3	1	3	3	3	1768	17:05:44
3_	8	3	0	4	6	4	7737	17:05:44
3_	8	3	0	5	1	5	5138	17:05:44
3_	8	3	0	6	1	6	10100	17:05:44
3_	8	3	1	7	7	7	1559	17:05:44
3_	8	3	1	8	8	8	1674	17:05:44
3_	8	3	1	9	9	9	3329	17:05:44
3_	8	3	1	10	10	10	3070	17:05:44
3_	8	3	1	11	11	11	3310	17:05:44
3_	8	3	1	12	12	12	6259	17:05:44
3_	8	3	1	13	13	13	1783	17:05:44
3_	8	3	1	14	14	14	3688	17:05:44
3_	8	3	1	15	15	15	1357	17:05:44
3_	8	3	1	16	16	16	3945	17:05:44
3_	8	3	1	17	17	17	1411	17:05:44
3_	8	3	1	18	18	18	12830	17:05:44
4_	3	4	1	1	1	1	2020	15:54:44
4_	3	4	1	2	2	2	4203	15:54:44
4_	3	4	1	3	3	3	1808	15:54:44
4_	3	4	1	4	4	4	3037	15:54:44
4_	3	4	1	5	5	5	1719	15:54:44
4_	3	4	1	6	6	6	4971	15:54:44
4_	3	4	0	7	6	7	7837	15:54:44
4_	3	4	1	8	8	8	1769	15:54:44
4_	3	4	0	9	17	9	3794	15:54:44
4_	3	4	1	10	10	10	2625	15:54:44
4_	3	4	1	11	11	11	1327	15:54:44
4_	3	4	1	12	12	12	1996	15:54:44
4_	3	4	1	13	13	13	7428	15:54:44
4_	3	4	1	14	14	14	1858	15:54:44
4_	3	4	1	15	15	15	1415	15:54:44
4_	3	4	0	16	9	16	9432	15:54:44
4_	3	4	0	17	7	17	6932	15:54:44
4_	3	4	0	18	7	18	2983	15:54:44
4_	8	4	1	1	1	1	5198	17:14:19
4_	8	4	0	2	18	2	7317	17:14:19
4_	8	4	1	3	3	3	8006	17:14:19
4_	8	4	1	4	4	4	2231	17:14:19
4_	8	4	0	5	14	5	2514	17:14:19
4_	8	4	0	6	3	6	14603	17:14:19
4_	8	4	0	7	2	7	14816	17:14:19
4_	8	4	1	8	8	8	2458	17:14:19
4_	8	4	1	9	9	9	3238	17:14:19
4_	8	4	1	10	10	10	2521	17:14:19
4_	8	4	1	11	11	11	4571	17:14:19
4_	8	4	1	12	12	12	1609	17:14:19
4_	8	4	0	13	6	13	6146	17:14:19
4_	8	4	0	14	6	14	7876	17:14:19
4_	8	4	1	15	15	15	3407	17:14:19
4_	8	4	0	16	6	16	14850	17:14:19
4_	8	4	0	17	13	17	4593	17:14:19
4_	8	4	0	18	17	18	7577	17:14:19
2_	1	2	0	1	18	1	6830	16:02:30
2_	1	2	1	2	2	2	4043	16:02:30
2_	1	2	0	3	14	3	2027	16:02:30
2_	1	2	0	4	15	4	2083	16:02:30
2_	1	2	0	5	3	5	2039	16:02:30
2_	1	2	0	6	4	6	1513	16:02:30
2_	1	2	1	7	7	7	3465	16:02:30
2_	1	2	0	8	12	8	1937	16:02:30
2_	1	2	0	9	5	9	1015	16:02:30
2_	1	2	0	10	16	10	1111	16:02:30
2_	1	2	0	11	1	11	1532	16:02:30
2_	1	2	0	12	17	12	1859	16:02:30
2_	1	2	0	13	10	13	1746	16:02:30
2_	1	2	0	14	13	14	2413	16:02:30
2_	1	2	0	15	8	15	1341	16:02:30
2_	1	2	0	16	18	16	1202	16:02:30
2_	1	2	0	17	9	17	1605	16:02:30
2_	1	2	0	18	7	18	1356	16:02:30
2_	6	2	0	1	14	1	2550	16:44:34
2_	6	2	0	2	4	2	1675	16:44:34
2_	6	2	0	3	7	3	2237	16:44:34
2_	6	2	0	4	2	4	3087	16:44:34
2_	6	2	0	5	3	5	1457	16:44:34
2_	6	2	0	6	5	6	1921	16:44:34
2_	6	2	0	7	13	7	2254	16:44:34
2_	6	2	0	8	11	8	2602	16:44:34
2_	6	2	0	9	10	9	1573	16:44:34
2_	6	2	0	10	15	10	1598	16:44:34
2_	6	2	0	11	9	11	1776	16:44:34
2_	6	2	0	12	3	12	2385	16:44:34
2_	6	2	0	13	18	13	1697	16:44:34
2_	6	2	0	14	8	14	5095	16:44:34
2_	6	2	0	15	1	15	1882	16:44:34
2_	6	2	0	16	8	16	3388	16:44:34
2_	6	2	0	17	6	17	4318	16:44:34
2_	6	2	0	18	16	18	1590	16:44:34
3_	1	3	0	1	7	1	4047	16:10:42
3_	1	3	0	2	6	2	2068	16:10:42
3_	1	3	0	3	12	3	3981	16:10:42
3_	1	3	0	4	2	4	1732	16:10:42
3_	1	3	0	5	3	5	1583	16:10:42
3_	1	3	0	6	5	6	3993	16:10:42
3_	1	3	0	7	9	7	5748	16:10:42
3_	1	3	1	8	8	8	1392	16:10:42
3_	1	3	0	9	18	9	3840	16:10:42
3_	1	3	0	10	5	10	2655	16:10:42
3_	1	3	1	11	11	11	1913	16:10:42
3_	1	3	0	12	10	12	2730	16:10:42
3_	1	3	0	13	4	13	4168	16:10:42
3_	1	3	1	14	14	14	2473	16:10:42
3_	1	3	1	15	15	15	1348	16:10:42
3_	1	3	0	16	2	16	8727	16:10:42
3_	1	3	1	17	17	17	1923	16:10:42
3_	1	3	0	18	7	18	2122	16:10:42
3_	6	3	0	1	18	1	4115	16:52:15
3_	6	3	0	2	4	2	3165	16:52:15
3_	6	3	0	3	5	3	2999	16:52:15
3_	6	3	0	4	16	4	3460	16:52:15
3_	6	3	0	5	8	5	3434	16:52:15
3_	6	3	0	6	14	6	3334	16:52:15
3_	6	3	0	7	15	7	1675	16:52:15
3_	6	3	0	8	11	8	3305	16:52:15
3_	6	3	0	9	13	9	2368	16:52:15
3_	6	3	1	10	10	10	1993	16:52:15
3_	6	3	0	11	12	11	1798	16:52:15
3_	6	3	0	12	7	12	2263	16:52:15
3_	6	3	0	13	17	13	3236	16:52:15
3_	6	3	0	14	3	14	5847	16:52:15
3_	6	3	0	15	9	15	4813	16:52:15
3_	6	3	0	16	1	16	6329	16:52:15
3_	6	3	0	17	16	17	7436	16:52:15
3_	6	3	0	18	5	18	2528	16:52:15
4_	1	4	0	1	9	1	3855	16:19:06
4_	1	4	0	2	13	2	1801	16:19:06
4_	1	4	0	3	12	3	1329	16:19:06
4_	1	4	0	4	1	4	2030	16:19:06
4_	1	4	1	5	5	5	3105	16:19:06
4_	1	4	1	6	6	6	2029	16:19:06
4_	1	4	0	7	5	7	2684	16:19:06
4_	1	4	0	8	11	8	1457	16:19:06
4_	1	4	0	9	17	9	2812	16:19:06
4_	1	4	0	10	3	10	4118	16:19:06
4_	1	4	0	11	7	11	2400	16:19:06
4_	1	4	0	12	17	12	1856	16:19:06
4_	1	4	0	13	10	13	1483	16:19:06
4_	1	4	0	14	4	14	2394	16:19:06
4_	1	4	0	15	18	15	2350	16:19:06
4_	1	4	0	16	14	16	2965	16:19:06
4_	1	4	0	17	15	17	1551	16:19:06
4_	1	4	0	18	5	18	1875	16:19:06
4_	6	4	0	1	12	1	2137	17:00:54
4_	6	4	0	2	8	2	2480	17:00:54
4_	6	4	0	3	1	3	3830	17:00:54
4_	6	4	1	4	4	4	2012	17:00:54
4_	6	4	1	5	5	5	2651	17:00:54
4_	6	4	0	6	7	6	1891	17:00:54
4_	6	4	0	7	9	7	2219	17:00:54
4_	6	4	0	8	13	8	6332	17:00:54
4_	6	4	0	9	3	9	4767	17:00:54
4_	6	4	0	10	17	10	1586	17:00:54
4_	6	4	1	11	11	11	3052	17:00:54
4_	6	4	0	12	15	12	2059	17:00:54
4_	6	4	0	13	6	13	7919	17:00:54
4_	6	4	1	14	14	14	15520	17:00:54
4_	6	4	0	15	2	15	4376	17:00:54
4_	6	4	1	16	16	16	3679	17:00:54
4_	6	4	0	17	9	17	2456	17:00:54
4_	6	4	0	18	10	18	3195	17:00:54
2_	2	2	0	1	17	1	11600	15:48:51
2_	2	2	0	2	11	2	7801	15:48:51
2_	2	2	0	3	18	3	6804	15:48:51
2_	2	2	0	4	10	4	8173	15:48:51
2_	2	2	0	5	14	5	4292	15:48:51
2_	2	2	0	6	2	6	4309	15:48:51
2_	2	2	0	7	4	7	1391	15:48:51
2_	2	2	0	8	15	8	1594	15:48:51
2_	2	2	0	9	5	9	3131	15:48:51
2_	2	2	0	10	3	10	2202	15:48:51
2_	2	2	0	11	6	11	3478	15:48:51
2_	2	2	0	12	8	12	3611	15:48:51
2_	2	2	0	13	12	13	1758	15:48:51
2_	2	2	0	14	9	14	4097	15:48:51
2_	2	2	0	15	9	15	3287	15:48:51
2_	2	2	0	16	13	16	3263	15:48:51
2_	2	2	0	17	16	17	6546	15:48:51
2_	2	2	0	18	17	18	1715	15:48:51
2_	7	2	0	1	9	1	1976	16:44:18
2_	7	2	0	2	16	2	1388	16:44:18
2_	7	2	0	3	4	3	1240	16:44:18
2_	7	2	0	4	17	4	605	16:44:18
2_	7	2	0	5	3	5	905	16:44:18
2_	7	2	0	6	17	6	252	16:44:18
2_	7	2	0	7	6	7	708	16:44:18
2_	7	2	0	8	16	8	518	16:44:18
2_	7	2	0	9	16	9	396	16:44:18
2_	7	2	0	10	14	10	932	16:44:18
2_	7	2	0	11	6	11	884	16:44:18
2_	7	2	0	12	9	12	844	16:44:18
2_	7	2	0	13	2	13	413	16:44:18
2_	7	2	0	14	2	14	936	16:44:18
2_	7	2	0	15	17	15	988	16:44:18
2_	7	2	0	16	17	16	398	16:44:18
2_	7	2	0	17	14	17	673	16:44:18
2_	7	2	0	18	15	18	46	16:44:18
3_	2	3	0	1	10	1	4780	15:56:33
3_	2	3	1	2	2	2	6265	15:56:33
3_	2	3	0	3	4	3	3444	15:56:33
3_	2	3	0	4	11	4	15108	15:56:33
3_	2	3	1	5	5	5	4120	15:56:33
3_	2	3	1	6	6	6	1753	15:56:33
3_	2	3	0	7	11	7	12686	15:56:33
3_	2	3	1	8	8	8	2809	15:56:33
3_	2	3	1	9	9	9	4156	15:56:33
3_	2	3	0	10	16	10	6690	15:56:33
3_	2	3	0	11	7	11	6490	15:56:33
3_	2	3	1	12	12	12	9649	15:56:33
3_	2	3	1	13	13	13	8863	15:56:33
3_	2	3	0	14	11	14	16826	15:56:33
3_	2	3	0	15	14	15	2490	15:56:33
3_	2	3	1	16	16	16	3384	15:56:33
3_	2	3	1	17	17	17	1740	15:56:33
3_	2	3	1	18	18	18	2572	15:56:33
3_	7	3	0	1	15	1	14905	16:50:53
3_	7	3	0	2	13	2	529	16:50:53
3_	7	3	1	3	3	3	4711	16:50:53
3_	7	3	0	4	15	4	1036	16:50:53
3_	7	3	0	5	8	5	694	16:50:53
3_	7	3	0	6	17	6	1042	16:50:53
3_	7	3	0	7	10	7	353	16:50:53
3_	7	3	0	8	4	8	1109	16:50:53
3_	7	3	0	9	3	9	641	16:50:53
3_	7	3	0	10	7	10	52	16:50:53
3_	7	3	0	11	1	11	856	16:50:53
3_	7	3	0	12	9	12	1000	16:50:53
3_	7	3	0	13	12	13	626	16:50:53
3_	7	3	0	14	16	14	665	16:50:53
3_	7	3	0	15	1	15	1044	16:50:53
3_	7	3	0	16	9	16	788	16:50:53
3_	7	3	1	17	17	17	647	16:50:53
3_	7	3	0	18	3	18	663	16:50:53
4_	2	4	1	1	1	1	2957	16:05:26
4_	2	4	1	2	2	2	4642	16:05:26
4_	2	4	0	3	6	3	3067	16:05:26
4_	2	4	0	4	3	4	3114	16:05:26
4_	2	4	1	5	5	5	1083	16:05:26
4_	2	4	1	6	6	6	5792	16:05:26
4_	2	4	0	7	9	7	13795	16:05:26
4_	2	4	1	8	8	8	805	16:05:26
4_	2	4	0	9	17	9	3691	16:05:26
4_	2	4	0	10	15	10	3883	16:05:26
4_	2	4	0	11	15	11	15663	16:05:26
4_	2	4	0	12	9	12	2962	16:05:26
4_	2	4	0	13	2	13	3105	16:05:26
4_	2	4	0	14	12	14	6426	16:05:26
4_	2	4	0	15	4	15	1732	16:05:26
4_	2	4	1	16	16	16	1539	16:05:26
4_	2	4	1	17	17	17	1235	16:05:26
4_	2	4	1	18	18	18	2606	16:05:26
4_	7	4	0	1	2	1	1307	16:58:17
4_	7	4	0	2	8	2	513	16:58:17
4_	7	4	0	3	10	3	1088	16:58:17
4_	7	4	0	4	3	4	595	16:58:17
4_	7	4	0	5	9	5	867	16:58:17
4_	7	4	0	6	12	6	928	16:58:17
4_	7	4	0	7	3	7	981	16:58:17
4_	7	4	1	8	8	8	615	16:58:17
4_	7	4	0	9	17	9	1092	16:58:17
4_	7	4	0	10	14	10	648	16:58:17
4_	7	4	0	11	12	11	207	16:58:17
4_	7	4	0	12	8	12	304	16:58:17
4_	7	4	0	13	10	13	864	16:58:17
4_	7	4	0	14	3	14	511	16:58:17
4_	7	4	0	15	8	15	324	16:58:17
4_	7	4	0	16	10	16	274	16:58:17
4_	7	4	0	17	1	17	841	16:58:17
4_	7	4	0	18	3	18	1021	16:58:17
2_	14	2	0	1	5	1	2603	14:18:35
2_	14	2	0	2	7	2	1558	14:18:35
2_	14	2	0	3	16	3	1220	14:18:35
2_	14	2	0	4	12	4	991	14:18:35
2_	14	2	0	5	6	5	1545	14:18:35
2_	14	2	0	6	9	6	1250	14:18:35
2_	14	2	0	7	11	7	2874	14:18:35
2_	14	2	0	8	14	8	1553	14:18:35
2_	14	2	1	9	9	9	1301	14:18:35
2_	14	2	0	10	2	10	1556	14:18:35
2_	14	2	0	11	13	11	2105	14:18:35
2_	14	2	0	12	5	12	1351	14:18:35
2_	14	2	0	13	8	13	2636	14:18:35
2_	14	2	0	14	1	14	3367	14:18:35
2_	14	2	0	15	10	15	1608	14:18:35
2_	14	2	0	16	11	16	1995	14:18:35
2_	14	2	1	17	17	17	964	14:18:35
2_	14	2	0	18	11	18	2057	14:18:35
3_	14	3	0	1	3	1	6058	14:25:38
3_	14	3	1	2	2	2	3786	14:25:38
3_	14	3	0	3	5	3	3998	14:25:38
3_	14	3	0	4	16	4	2212	14:25:38
3_	14	3	0	5	14	5	2726	14:25:38
3_	14	3	0	6	1	6	5122	14:25:38
3_	14	3	0	7	14	7	3766	14:25:38
3_	14	3	1	8	8	8	3318	14:25:38
3_	14	3	1	9	9	9	2085	14:25:38
3_	14	3	1	10	10	10	1898	14:25:38
3_	14	3	0	11	7	11	6131	14:25:38
3_	14	3	1	12	12	12	1983	14:25:38
3_	14	3	0	13	4	13	2824	14:25:38
3_	14	3	0	14	16	14	1847	14:25:38
3_	14	3	1	15	15	15	1103	14:25:38
3_	14	3	0	16	18	16	7690	14:25:38
3_	14	3	1	17	17	17	2363	14:25:38
3_	14	3	0	18	13	18	4894	14:25:38
4_	14	4	0	1	13	1	2971	14:33:49
4_	14	4	1	2	2	2	1858	14:33:49
4_	14	4	0	3	4	3	1419	14:33:49
4_	14	4	0	4	16	4	1604	14:33:49
4_	14	4	0	5	11	5	2234	14:33:49
4_	14	4	0	6	3	6	1488	14:33:49
4_	14	4	0	7	8	7	2494	14:33:49
4_	14	4	1	8	8	8	2293	14:33:49
4_	14	4	0	9	6	9	1877	14:33:49
4_	14	4	0	10	14	10	1123	14:33:49
4_	14	4	0	11	5	11	1082	14:33:49
4_	14	4	0	12	1	12	2504	14:33:49
4_	14	4	0	13	11	13	2507	14:33:49
4_	14	4	0	14	10	14	3937	14:33:49
4_	14	4	0	15	17	15	3442	14:33:49
4_	14	4	0	16	1	16	3136	14:33:49
4_	14	4	0	17	7	17	2129	14:33:49
4_	14	4	0	18	12	18	2078	14:33:49
2_	10	2	0	1	14	1	5903	15:34:26
2_	10	2	0	2	14	2	5376	15:34:26
2_	10	2	1	3	3	3	1509	15:34:26
2_	10	2	0	4	13	4	8329	15:34:26
2_	10	2	0	5	7	5	4879	15:34:26
2_	10	2	0	6	1	6	4443	15:34:26
2_	10	2	0	7	12	7	5505	15:34:26
2_	10	2	0	8	10	8	2466	15:34:26
2_	10	2	0	9	18	9	1367	15:34:26
2_	10	2	0	10	8	10	7386	15:34:26
2_	10	2	0	11	4	11	7658	15:34:26
2_	10	2	0	12	11	12	4509	15:34:26
2_	10	2	0	13	15	13	2938	15:34:26
2_	10	2	0	14	6	14	5258	15:34:26
2_	10	2	0	15	14	15	9415	15:34:26
2_	10	2	0	16	5	16	4402	15:34:26
2_	10	2	1	17	17	17	1488	15:34:26
2_	10	2	0	18	13	18	5700	15:34:26
3_	10	3	0	1	13	1	3801	15:42:10
3_	10	3	0	2	3	2	3080	15:42:10
3_	10	3	0	3	5	3	2628	15:42:10
3_	10	3	0	4	7	4	3419	15:42:10
3_	10	3	0	5	9	5	1634	15:42:10
3_	10	3	0	6	15	6	3989	15:42:10
3_	10	3	0	7	17	7	2517	15:42:10
3_	10	3	0	8	4	8	2087	15:42:10
3_	10	3	0	9	18	9	3947	15:42:10
3_	10	3	0	10	13	10	3849	15:42:10
3_	10	3	0	11	4	11	1290	15:42:10
3_	10	3	0	12	16	12	1936	15:42:10
3_	10	3	0	13	8	13	3906	15:42:10
3_	10	3	0	14	17	14	3143	15:42:10
3_	10	3	0	15	10	15	9087	15:42:10
3_	10	3	0	16	1	16	2676	15:42:10
3_	10	3	0	17	11	17	6435	15:42:10
3_	10	3	0	18	6	18	6486	15:42:10
4_	10	4	1	1	1	1	2360	15:50:32
4_	10	4	1	2	2	2	1901	15:50:32
4_	10	4	1	3	3	3	3228	15:50:32
4_	10	4	1	4	4	4	1673	15:50:32
4_	10	4	0	5	14	5	2921	15:50:32
4_	10	4	0	6	17	6	1777	15:50:32
4_	10	4	0	7	8	7	2936	15:50:32
4_	10	4	0	8	12	8	3100	15:50:32
4_	10	4	0	9	10	9	5694	15:50:32
4_	10	4	0	10	5	10	3573	15:50:32
4_	10	4	1	11	11	11	2179	15:50:32
4_	10	4	1	12	12	12	2905	15:50:32
4_	10	4	1	13	13	13	1311	15:50:32
4_	10	4	0	14	5	14	5561	15:50:32
4_	10	4	0	15	17	15	4636	15:50:32
4_	10	4	1	16	16	16	1630	15:50:32
4_	10	4	0	17	7	17	8186	15:50:32
4_	10	4	0	18	12	18	7867	15:50:32
2_	13	2	0	1	16	1	6463	15:42:10
2_	13	2	0	2	7	2	2378	15:42:10
2_	13	2	1	3	3	3	1809	15:42:10
2_	13	2	0	4	6	4	3755	15:42:10
2_	13	2	0	5	10	5	3633	15:42:10
2_	13	2	0	6	1	6	4347	15:42:10
2_	13	2	0	7	2	7	2065	15:42:10
2_	13	2	0	8	14	8	2445	15:42:10
2_	13	2	0	9	4	9	1861	15:42:10
2_	13	2	0	10	15	10	1961	15:42:10
2_	13	2	0	11	17	11	12258	15:42:10
2_	13	2	0	12	13	12	7868	15:42:10
2_	13	2	0	13	17	13	8829	15:42:10
2_	13	2	0	14	13	14	1955	15:42:10
2_	13	2	0	15	5	15	1353	15:42:10
2_	13	2	0	16	8	16	2933	15:42:10
2_	13	2	0	17	16	17	8794	15:42:10
2_	13	2	0	18	13	18	1993	15:42:10
2_	17	2	1	1	1	1	4312	15:40:42
2_	17	2	1	2	2	2	1890	15:40:42
2_	17	2	0	3	16	3	7554	15:40:42
2_	17	2	1	4	4	4	2839	15:40:42
2_	17	2	1	5	5	5	9514	15:40:42
2_	17	2	0	6	8	6	2451	15:40:42
2_	17	2	0	7	5	7	2234	15:40:42
2_	17	2	0	8	9	8	3373	15:40:42
2_	17	2	0	9	6	9	2103	15:40:42
2_	17	2	1	10	10	10	1967	15:40:42
2_	17	2	1	11	11	11	1154	15:40:42
2_	17	2	0	12	7	12	3471	15:40:42
2_	17	2	1	13	13	13	4519	15:40:42
2_	17	2	0	14	12	14	4095	15:40:42
2_	17	2	0	15	5	15	2120	15:40:42
2_	17	2	0	16	13	16	4800	15:40:42
2_	17	2	0	17	6	17	6871	15:40:42
2_	17	2	0	18	7	18	2958	15:40:42
2_	20	2	0	1	16	1	6296	17:14:07
2_	20	2	0	2	10	2	8392	17:14:07
2_	20	2	0	3	2	3	5523	17:14:07
2_	20	2	0	4	11	4	2324	17:14:07
2_	20	2	0	5	14	5	3616	17:14:07
2_	20	2	0	6	7	6	2884	17:14:07
2_	20	2	0	7	12	7	1751	17:14:07
2_	20	2	0	8	3	8	2501	17:14:07
2_	20	2	0	9	18	9	2714	17:14:07
2_	20	2	0	10	9	10	3658	17:14:07
2_	20	2	0	11	6	11	6157	17:14:07
2_	20	2	0	12	13	12	6794	17:14:07
2_	20	2	0	13	17	13	6681	17:14:07
2_	20	2	0	14	1	14	5437	17:14:07
2_	20	2	0	15	4	15	1387	17:14:07
2_	20	2	0	16	7	16	3123	17:14:07
2_	20	2	0	17	5	17	1767	17:14:07
2_	20	2	0	18	15	18	8107	17:14:07
2_	24	2	0	1	16	1	6657	14:37:40
2_	24	2	0	2	12	2	1254	14:37:40
2_	24	2	0	3	1	3	2107	14:37:40
2_	24	2	1	4	4	4	1295	14:37:40
2_	24	2	0	5	8	5	2728	14:37:40
2_	24	2	0	6	16	6	6836	14:37:40
2_	24	2	0	7	2	7	1726	14:37:40
2_	24	2	0	8	3	8	5212	14:37:40
2_	24	2	0	9	6	9	5942	14:37:40
2_	24	2	0	10	7	10	1366	14:37:40
2_	24	2	0	11	18	11	1042	14:37:40
2_	24	2	0	12	11	12	1481	14:37:40
2_	24	2	0	13	11	13	5956	14:37:40
2_	24	2	0	14	5	14	3802	14:37:40
2_	24	2	0	15	14	15	3696	14:37:40
2_	24	2	0	16	2	16	2041	14:37:40
2_	24	2	0	17	10	17	2168	14:37:40
2_	24	2	0	18	5	18	791	14:37:40
3_	13	3	0	1	10	1	12521	15:49:45
3_	13	3	1	2	2	2	3625	15:49:45
3_	13	3	0	3	4	3	1578	15:49:45
3_	13	3	0	4	3	4	1460	15:49:45
3_	13	3	0	5	6	5	4145	15:49:45
3_	13	3	0	6	12	6	5643	15:49:45
3_	13	3	0	7	12	7	2834	15:49:45
3_	13	3	1	8	8	8	2164	15:49:45
3_	13	3	0	9	18	9	7070	15:49:45
3_	13	3	1	10	10	10	2742	15:49:45
3_	13	3	0	11	14	11	2824	15:49:45
3_	13	3	0	12	16	12	6190	15:49:45
3_	13	3	0	13	1	13	2336	15:49:45
3_	13	3	0	14	15	14	2456	15:49:45
3_	13	3	0	15	9	15	2309	15:49:45
3_	13	3	0	16	15	16	2648	15:49:45
3_	13	3	1	17	17	17	3273	15:49:45
3_	13	3	0	18	13	18	7935	15:49:45
3_	17	3	1	1	1	1	2709	15:48:30
3_	17	3	1	2	2	2	1859	15:48:30
3_	17	3	0	3	10	3	10132	15:48:30
3_	17	3	1	4	4	4	1563	15:48:30
3_	17	3	1	5	5	5	3931	15:48:30
3_	17	3	1	6	6	6	1816	15:48:30
3_	17	3	1	7	7	7	1995	15:48:30
3_	17	3	0	8	10	8	6377	15:48:30
3_	17	3	1	9	9	9	2567	15:48:30
3_	17	3	0	10	18	10	4904	15:48:30
3_	17	3	1	11	11	11	2261	15:48:30
3_	17	3	0	12	3	12	5929	15:48:30
3_	17	3	1	13	13	13	3054	15:48:30
3_	17	3	1	14	14	14	2163	15:48:30
3_	17	3	0	15	10	15	5147	15:48:30
3_	17	3	1	16	16	16	2588	15:48:30
3_	17	3	0	17	18	17	3942	15:48:30
3_	17	3	0	18	15	18	5896	15:48:30
3_	20	3	0	1	5	1	6946	17:22:07
3_	20	3	0	2	3	2	3459	17:22:07
3_	20	3	0	3	2	3	3158	17:22:07
3_	20	3	0	4	6	4	4436	17:22:07
3_	20	3	0	5	4	5	6031	17:22:07
3_	20	3	0	6	7	6	8041	17:22:07
3_	20	3	0	7	16	7	5228	17:22:07
3_	20	3	1	8	8	8	2163	17:22:07
3_	20	3	1	9	9	9	2492	17:22:07
3_	20	3	1	10	10	10	2309	17:22:07
3_	20	3	0	11	1	11	7978	17:22:07
3_	20	3	1	12	12	12	2070	17:22:07
3_	20	3	0	13	3	13	20262	17:22:07
3_	20	3	1	14	14	14	5482	17:22:07
3_	20	3	1	15	15	15	2341	17:22:07
3_	20	3	0	16	7	16	2438	17:22:07
3_	20	3	1	17	17	17	5889	17:22:07
3_	20	3	1	18	18	18	9609	17:22:07
3_	24	3	0	1	9	1	10535	14:45:04
3_	24	3	1	2	2	2	2939	14:45:04
3_	24	3	0	3	5	3	2229	14:45:04
3_	24	3	1	4	4	4	3643	14:45:04
3_	24	3	0	5	14	5	5530	14:45:04
3_	24	3	1	6	6	6	1759	14:45:04
3_	24	3	1	7	7	7	1649	14:45:04
3_	24	3	1	8	8	8	1513	14:45:04
3_	24	3	0	9	11	9	2201	14:45:04
3_	24	3	1	10	10	10	2656	14:45:04
3_	24	3	0	11	4	11	14515	14:45:04
3_	24	3	0	12	18	12	1563	14:45:04
3_	24	3	1	13	13	13	3870	14:45:04
3_	24	3	1	14	14	14	4102	14:45:04
3_	24	3	1	15	15	15	3986	14:45:04
3_	24	3	0	16	13	16	2804	14:45:04
3_	24	3	1	17	17	17	1938	14:45:04
3_	24	3	0	18	3	18	6269	14:45:04
4_	13	4	0	1	17	1	8087	15:57:48
4_	13	4	0	2	11	2	2820	15:57:48
4_	13	4	0	3	7	3	4331	15:57:48
4_	13	4	1	4	4	4	3247	15:57:48
4_	13	4	0	5	14	5	2198	15:57:48
4_	13	4	1	6	6	6	2428	15:57:48
4_	13	4	0	7	1	7	5410	15:57:48
4_	13	4	0	8	18	8	7143	15:57:48
4_	13	4	1	9	9	9	2207	15:57:48
4_	13	4	0	10	2	10	4922	15:57:48
4_	13	4	0	11	7	11	2466	15:57:48
4_	13	4	0	12	16	12	3067	15:57:48
4_	13	4	0	13	3	13	1721	15:57:48
4_	13	4	0	14	5	14	3548	15:57:48
4_	13	4	1	15	15	15	3632	15:57:48
4_	13	4	0	16	10	16	7170	15:57:48
4_	13	4	0	17	12	17	1939	15:57:48
4_	13	4	0	18	13	18	3294	15:57:48
4_	17	4	1	1	1	1	1376	15:56:28
4_	17	4	1	2	2	2	3920	15:56:28
4_	17	4	1	3	3	3	3614	15:56:28
4_	17	4	1	4	4	4	3153	15:56:28
4_	17	4	0	5	11	5	4176	15:56:28
4_	17	4	0	6	10	6	1493	15:56:28
4_	17	4	0	7	14	7	3614	15:56:28
4_	17	4	0	8	13	8	3049	15:56:28
4_	17	4	1	9	9	9	1839	15:56:28
4_	17	4	0	10	8	10	4587	15:56:28
4_	17	4	0	11	17	11	4878	15:56:28
4_	17	4	0	12	18	12	2802	15:56:28
4_	17	4	1	13	13	13	3655	15:56:28
4_	17	4	0	14	13	14	2106	15:56:28
4_	17	4	0	15	7	15	3935	15:56:28
4_	17	4	0	16	12	16	2760	15:56:28
4_	17	4	0	17	16	17	4763	15:56:28
4_	17	4	1	18	18	18	1766	15:56:28
4_	20	4	0	1	2	1	5282	17:30:52
4_	20	4	0	2	10	2	2014	17:30:52
4_	20	4	0	3	16	3	1152	17:30:52
4_	20	4	0	4	1	4	1895	17:30:52
4_	20	4	0	5	9	5	1215	17:30:52
4_	20	4	0	6	7	6	3146	17:30:52
4_	20	4	0	7	5	7	3290	17:30:52
4_	20	4	0	8	17	8	3746	17:30:52
4_	20	4	1	9	9	9	809	17:30:52
4_	20	4	0	10	6	10	3756	17:30:52
4_	20	4	0	11	15	11	3736	17:30:52
4_	20	4	0	12	7	12	15586	17:30:52
4_	20	4	0	13	14	13	5675	17:30:52
4_	20	4	0	14	4	14	10506	17:30:52
4_	20	4	0	15	2	15	5382	17:30:52
4_	20	4	0	16	3	16	6351	17:30:52
4_	20	4	0	17	7	17	2916	17:30:52
4_	20	4	0	18	14	18	7438	17:30:52
4_	24	4	1	1	1	1	2117	14:53:20
4_	24	4	1	2	2	2	2688	14:53:20
4_	24	4	0	3	6	3	1562	14:53:20
4_	24	4	0	4	15	4	4365	14:53:20
4_	24	4	0	5	12	5	3086	14:53:20
4_	24	4	1	6	6	6	1490	14:53:20
4_	24	4	1	7	7	7	2587	14:53:20
4_	24	4	1	8	8	8	2405	14:53:20
4_	24	4	0	9	12	9	11043	14:53:20
4_	24	4	1	10	10	10	3450	14:53:20
4_	24	4	1	11	11	11	1034	14:53:20
4_	24	4	0	12	4	12	2052	14:53:20
4_	24	4	1	13	13	13	4883	14:53:20
4_	24	4	0	14	9	14	4119	14:53:20
4_	24	4	0	15	3	15	4736	14:53:20
4_	24	4	1	16	16	16	5250	14:53:20
4_	24	4	1	17	17	17	5145	14:53:20
4_	24	4	1	18	18	18	2730	14:53:20
2_	11	2	0	1	9	1	4701	16:03:31
2_	11	2	0	2	1	2	4321	16:03:31
2_	11	2	0	3	18	3	1965	16:03:31
2_	11	2	0	4	2	4	1932	16:03:31
2_	11	2	0	5	13	5	2370	16:03:31
2_	11	2	0	6	17	6	1937	16:03:31
2_	11	2	0	7	8	7	2836	16:03:31
2_	11	2	0	8	4	8	2215	16:03:31
2_	11	2	0	9	16	9	2777	16:03:31
2_	11	2	0	10	3	10	3200	16:03:31
2_	11	2	0	11	15	11	2469	16:03:31
2_	11	2	0	12	18	12	2830	16:03:31
2_	11	2	0	13	6	13	1937	16:03:31
2_	11	2	1	14	14	14	1386	16:03:31
2_	11	2	0	15	17	15	3773	16:03:31
2_	11	2	0	16	14	16	1499	16:03:31
2_	11	2	0	17	14	17	2108	16:03:31
2_	11	2	0	18	9	18	3139	16:03:31
2_	15	2	0	1	11	1	19608	15:52:46
2_	15	2	0	2	13	2	7637	15:52:46
2_	15	2	0	3	5	3	2289	15:52:46
2_	15	2	1	4	4	4	7891	15:52:46
2_	15	2	0	5	12	5	1443	15:52:46
2_	15	2	0	6	3	6	5737	15:52:46
2_	15	2	0	7	9	7	5706	15:52:46
2_	15	2	0	8	9	8	3998	15:52:46
2_	15	2	0	9	17	9	3596	15:52:46
2_	15	2	0	10	8	10	1690	15:52:46
2_	15	2	0	11	6	11	7909	15:52:46
2_	15	2	0	12	2	12	6056	15:52:46
2_	15	2	0	13	1	13	5875	15:52:46
2_	15	2	0	14	7	14	5579	15:52:46
2_	15	2	0	15	10	15	3108	15:52:46
2_	15	2	0	16	12	16	3397	15:52:46
2_	15	2	0	17	15	17	5690	15:52:46
2_	15	2	0	18	10	18	6355	15:52:46
2_	18	2	0	1	16	1	9498	16:11:03
2_	18	2	0	2	16	2	4823	16:11:03
2_	18	2	1	3	3	3	2437	16:11:03
2_	18	2	0	4	18	4	4672	16:11:03
2_	18	2	0	5	7	5	2800	16:11:03
2_	18	2	0	6	8	6	7184	16:11:03
2_	18	2	0	7	5	7	2705	16:11:03
2_	18	2	0	8	9	8	2125	16:11:03
2_	18	2	1	9	9	9	4179	16:11:03
2_	18	2	0	10	11	10	1905	16:11:03
2_	18	2	0	11	12	11	4028	16:11:03
2_	18	2	0	12	1	12	3572	16:11:03
2_	18	2	0	13	14	13	2554	16:11:03
2_	18	2	0	14	1	14	3832	16:11:03
2_	18	2	1	15	15	15	5073	16:11:03
2_	18	2	0	16	2	16	1962	16:11:03
2_	18	2	0	17	13	17	3382	16:11:03
2_	18	2	0	18	15	18	3135	16:11:03
2_	21	2	1	1	1	1	3941	17:38:24
2_	21	2	0	2	17	2	13813	17:38:24
2_	21	2	1	3	3	3	3080	17:38:24
2_	21	2	0	4	6	4	4172	17:38:24
2_	21	2	1	5	5	5	1634	17:38:24
2_	21	2	0	6	9	6	3085	17:38:24
2_	21	2	0	7	13	7	10623	17:38:24
2_	21	2	0	8	7	8	9262	17:38:24
2_	21	2	0	9	10	9	7857	17:38:24
2_	21	2	1	10	10	10	5317	17:38:24
2_	21	2	1	11	11	11	6958	17:38:24
2_	21	2	1	12	12	12	9050	17:38:24
2_	21	2	0	13	4	13	8954	17:38:24
2_	21	2	1	14	14	14	5695	17:38:24
2_	21	2	1	15	15	15	1585	17:38:24
2_	21	2	1	16	16	16	9521	17:38:24
2_	21	2	0	17	6	17	2603	17:38:24
2_	21	2	0	18	7	18	5984	17:38:24
2_	22	2	0	1	18	1	8762	14:43:14
2_	22	2	0	2	3	2	3108	14:43:14
2_	22	2	0	3	16	3	2014	14:43:14
2_	22	2	0	4	2	4	1602	14:43:14
2_	22	2	0	5	9	5	1319	14:43:14
2_	22	2	0	6	1	6	3095	14:43:14
2_	22	2	1	7	7	7	2801	14:43:14
2_	22	2	0	8	6	8	1622	14:43:14
2_	22	2	0	9	5	9	4045	14:43:14
2_	22	2	1	10	10	10	2708	14:43:14
2_	22	2	0	11	14	11	5345	14:43:14
2_	22	2	0	12	15	12	1637	14:43:14
2_	22	2	0	13	7	13	2206	14:43:14
2_	22	2	0	14	17	14	2001	14:43:14
2_	22	2	0	15	10	15	2951	14:43:14
2_	22	2	0	16	8	16	1031	14:43:14
2_	22	2	0	17	11	17	2717	14:43:14
2_	22	2	0	18	11	18	1557	14:43:14
2_	25	2	1	1	1	1	2658	15:13:04
2_	25	2	1	2	2	2	2261	15:13:04
2_	25	2	1	3	3	3	2097	15:13:04
2_	25	2	0	4	15	4	12712	15:13:04
2_	25	2	1	5	5	5	2353	15:13:04
2_	25	2	0	6	17	6	3101	15:13:04
2_	25	2	0	7	14	7	9186	15:13:04
2_	25	2	0	8	7	8	10229	15:13:04
2_	25	2	1	9	9	9	8131	15:13:04
2_	25	2	0	10	12	10	8128	15:13:04
2_	25	2	0	11	10	11	2803	15:13:04
2_	25	2	0	12	16	12	7258	15:13:04
2_	25	2	1	13	13	13	3005	15:13:04
2_	25	2	0	14	8	14	7228	15:13:04
2_	25	2	0	15	11	15	11612	15:13:04
2_	25	2	0	16	4	16	6696	15:13:04
2_	25	2	0	17	6	17	7414	15:13:04
2_	25	2	1	18	18	18	4232	15:13:04
2_	27	2	1	1	1	1	14908	15:57:12
2_	27	2	1	2	2	2	4478	15:57:12
2_	27	2	1	3	3	3	1985	15:57:12
2_	27	2	0	4	14	4	3459	15:57:12
2_	27	2	1	5	5	5	2775	15:57:12
2_	27	2	0	6	5	6	2420	15:57:12
2_	27	2	0	7	16	7	2363	15:57:12
2_	27	2	0	8	17	8	2782	15:57:12
2_	27	2	0	9	18	9	1852	15:57:12
2_	27	2	0	10	9	10	2091	15:57:12
2_	27	2	0	11	10	11	2740	15:57:12
2_	27	2	0	12	11	12	3673	15:57:12
2_	27	2	1	13	13	13	2004	15:57:12
2_	27	2	0	14	1	14	2723	15:57:12
2_	27	2	0	15	4	15	1383	15:57:12
2_	27	2	0	16	7	16	3757	15:57:12
2_	27	2	0	17	6	17	9180	15:57:12
2_	27	2	0	18	6	18	6986	15:57:12
3_	11	3	0	1	3	1	4005	16:11:10
3_	11	3	0	2	6	2	1628	16:11:10
3_	11	3	0	3	17	3	5866	16:11:10
3_	11	3	0	4	15	4	5633	16:11:10
3_	11	3	0	5	4	5	3727	16:11:10
3_	11	3	0	6	16	6	1826	16:11:10
3_	11	3	0	7	5	7	2282	16:11:10
3_	11	3	1	8	8	8	2141	16:11:10
3_	11	3	0	9	13	9	2797	16:11:10
3_	11	3	0	10	2	10	3982	16:11:10
3_	11	3	0	11	17	11	2121	16:11:10
3_	11	3	0	12	10	12	3251	16:11:10
3_	11	3	0	13	18	13	2355	16:11:10
3_	11	3	0	14	5	14	2167	16:11:10
3_	11	3	0	15	10	15	1545	16:11:10
3_	11	3	0	16	11	16	6332	16:11:10
3_	11	3	0	17	12	17	7058	16:11:10
3_	11	3	0	18	9	18	6365	16:11:10
3_	15	3	0	1	6	1	5232	16:01:46
3_	15	3	1	2	2	2	1956	16:01:46
3_	15	3	1	3	3	3	1908	16:01:46
3_	15	3	1	4	4	4	3999	16:01:46
3_	15	3	1	5	5	5	3958	16:01:46
3_	15	3	0	6	1	6	6299	16:01:46
3_	15	3	1	7	7	7	2404	16:01:46
3_	15	3	1	8	8	8	2620	16:01:46
3_	15	3	1	9	9	9	2751	16:01:46
3_	15	3	1	10	10	10	2258	16:01:46
3_	15	3	1	11	11	11	1503	16:01:46
3_	15	3	1	12	12	12	2204	16:01:46
3_	15	3	1	13	13	13	2721	16:01:46
3_	15	3	1	14	14	14	4596	16:01:46
3_	15	3	1	15	15	15	1761	16:01:46
3_	15	3	1	16	16	16	3836	16:01:46
3_	15	3	1	17	17	17	1725	16:01:46
3_	15	3	1	18	18	18	2491	16:01:46
3_	18	3	0	1	10	1	3195	16:19:11
3_	18	3	0	2	3	2	1777	16:19:11
3_	18	3	0	3	12	3	2670	16:19:11
3_	18	3	0	4	12	4	3022	16:19:11
3_	18	3	0	5	1	5	7486	16:19:11
3_	18	3	0	6	13	6	4616	16:19:11
3_	18	3	0	7	5	7	7404	16:19:11
3_	18	3	1	8	8	8	1700	16:19:11
3_	18	3	0	9	18	9	1761	16:19:11
3_	18	3	0	10	15	10	5360	16:19:11
3_	18	3	1	11	11	11	3857	16:19:11
3_	18	3	0	12	17	12	3044	16:19:11
3_	18	3	0	13	4	13	4310	16:19:11
3_	18	3	1	14	14	14	12361	16:19:11
3_	18	3	0	15	13	15	6642	16:19:11
3_	18	3	0	16	2	16	8535	16:19:11
3_	18	3	0	17	7	17	7190	16:19:11
3_	18	3	0	18	5	18	4439	16:19:11
3_	21	3	0	1	6	1	16904	17:47:30
3_	21	3	0	2	3	2	11355	17:47:30
3_	21	3	0	3	1	3	11098	17:47:30
3_	21	3	1	4	4	4	1977	17:47:30
3_	21	3	1	5	5	5	19502	17:47:30
3_	21	3	0	6	2	6	5523	17:47:30
3_	21	3	1	7	7	7	2075	17:47:30
3_	21	3	1	8	8	8	2162	17:47:30
3_	21	3	1	9	9	9	10309	17:47:30
3_	21	3	1	10	10	10	2256	17:47:30
3_	21	3	1	11	11	11	14333	17:47:30
3_	21	3	1	12	12	12	2268	17:47:30
3_	21	3	1	13	13	13	1867	17:47:30
3_	21	3	1	14	14	14	4768	17:47:30
3_	21	3	1	15	15	15	2337	17:47:30
3_	21	3	1	16	16	16	3741	17:47:30
3_	21	3	1	17	17	17	5669	17:47:30
3_	21	3	1	18	18	18	1731	17:47:30
3_	22	3	0	1	6	1	5565	14:51:00
3_	22	3	1	2	2	2	3631	14:51:00
3_	22	3	0	3	4	3	3855	14:51:00
3_	22	3	0	4	3	4	2269	14:51:00
3_	22	3	0	5	9	5	5558	14:51:00
3_	22	3	0	6	5	6	4856	14:51:00
3_	22	3	1	7	7	7	5179	14:51:00
3_	22	3	1	8	8	8	2057	14:51:00
3_	22	3	0	9	1	9	5613	14:51:00
3_	22	3	0	10	12	10	4735	14:51:00
3_	22	3	0	11	18	11	3824	14:51:00
3_	22	3	0	12	10	12	7214	14:51:00
3_	22	3	1	13	13	13	3014	14:51:00
3_	22	3	1	14	14	14	3307	14:51:00
3_	22	3	1	15	15	15	2056	14:51:00
3_	22	3	0	16	17	16	4761	14:51:00
3_	22	3	0	17	4	17	78	14:51:00
3_	22	3	0	18	11	18	4672	14:51:00
3_	25	3	1	1	1	1	3430	15:21:46
3_	25	3	1	2	2	2	2024	15:21:46
3_	25	3	1	3	3	3	1736	15:21:46
3_	25	3	1	4	4	4	7033	15:21:46
3_	25	3	1	5	5	5	1900	15:21:46
3_	25	3	1	6	6	6	4208	15:21:46
3_	25	3	1	7	7	7	8715	15:21:46
3_	25	3	1	8	8	8	2428	15:21:46
3_	25	3	1	9	9	9	3656	15:21:46
3_	25	3	0	10	1	10	3597	15:21:46
3_	25	3	1	11	11	11	2062	15:21:46
3_	25	3	1	12	12	12	1927	15:21:46
3_	25	3	1	13	13	13	7796	15:21:46
3_	25	3	1	14	14	14	10315	15:21:46
3_	25	3	1	15	15	15	1978	15:21:46
3_	25	3	0	16	13	16	10592	15:21:46
3_	25	3	1	17	17	17	1717	15:21:46
3_	25	3	1	18	18	18	6520	15:21:46
3_	27	3	1	1	1	1	1923	16:05:21
3_	27	3	0	2	3	2	1381	16:05:21
3_	27	3	0	3	2	3	7443	16:05:21
3_	27	3	1	4	4	4	1794	16:05:21
3_	27	3	1	5	5	5	3396	16:05:21
3_	27	3	0	6	4	6	2409	16:05:21
3_	27	3	1	7	7	7	1620	16:05:21
3_	27	3	0	8	9	8	4563	16:05:21
3_	27	3	0	9	8	9	1717	16:05:21
3_	27	3	1	10	10	10	2351	16:05:21
3_	27	3	0	11	12	11	2019	16:05:21
3_	27	3	0	12	11	12	4894	16:05:21
3_	27	3	1	13	13	13	2076	16:05:21
3_	27	3	1	14	14	14	3979	16:05:21
3_	27	3	1	15	15	15	1496	16:05:21
3_	27	3	1	16	16	16	3048	16:05:21
3_	27	3	1	17	17	17	2031	16:05:21
3_	27	3	1	18	18	18	2627	16:05:21
4_	11	4	1	1	1	1	3862	16:19:43
4_	11	4	1	2	2	2	3794	16:19:43
4_	11	4	0	3	9	3	1572	16:19:43
4_	11	4	0	4	14	4	2743	16:19:43
4_	11	4	0	5	13	5	3872	16:19:43
4_	11	4	0	6	7	6	4808	16:19:43
4_	11	4	0	7	10	7	4051	16:19:43
4_	11	4	0	8	4	8	2458	16:19:43
4_	11	4	0	9	12	9	2166	16:19:43
4_	11	4	0	10	8	10	2824	16:19:43
4_	11	4	0	11	3	11	3047	16:19:43
4_	11	4	0	12	11	12	2110	16:19:43
4_	11	4	0	13	5	13	4673	16:19:43
4_	11	4	0	14	16	14	2193	16:19:43
4_	11	4	1	15	15	15	3525	16:19:43
4_	11	4	0	16	17	16	4483	16:19:43
4_	11	4	0	17	6	17	1453	16:19:43
4_	11	4	0	18	16	18	5811	16:19:43
4_	15	4	1	1	1	1	9847	16:10:48
4_	15	4	1	2	2	2	6696	16:10:48
4_	15	4	1	3	3	3	2046	16:10:48
4_	15	4	1	4	4	4	2046	16:10:48
4_	15	4	1	5	5	5	2373	16:10:48
4_	15	4	1	6	6	6	2784	16:10:48
4_	15	4	1	7	7	7	5454	16:10:48
4_	15	4	1	8	8	8	2583	16:10:48
4_	15	4	1	9	9	9	7162	16:10:48
4_	15	4	1	10	10	10	8189	16:10:48
4_	15	4	1	11	11	11	1830	16:10:48
4_	15	4	1	12	12	12	4017	16:10:48
4_	15	4	1	13	13	13	1820	16:10:48
4_	15	4	1	14	14	14	3547	16:10:48
4_	15	4	1	15	15	15	2583	16:10:48
4_	15	4	1	16	16	16	2203	16:10:48
4_	15	4	1	17	17	17	2537	16:10:48
4_	15	4	1	18	18	18	2896	16:10:48
4_	18	4	0	1	2	1	3539	16:28:15
4_	18	4	0	2	3	2	4107	16:28:15
4_	18	4	0	3	9	3	6057	16:28:15
4_	18	4	1	4	4	4	2724	16:28:15
4_	18	4	0	5	14	5	2457	16:28:15
4_	18	4	0	6	9	6	5142	16:28:15
4_	18	4	0	7	13	7	5341	16:28:15
4_	18	4	1	8	8	8	2047	16:28:15
4_	18	4	0	9	12	9	4334	16:28:15
4_	18	4	1	10	10	10	8923	16:28:15
4_	18	4	1	11	11	11	1368	16:28:15
4_	18	4	0	12	17	12	2761	16:28:15
4_	18	4	0	13	1	13	3932	16:28:15
4_	18	4	0	14	15	14	3860	16:28:15
4_	18	4	0	15	12	15	2939	16:28:15
4_	18	4	1	16	16	16	2021	16:28:15
4_	18	4	0	17	15	17	2797	16:28:15
4_	18	4	1	18	18	18	2017	16:28:15
4_	21	4	1	1	1	1	2128	17:57:05
4_	21	4	1	2	2	2	2998	17:57:05
4_	21	4	1	3	3	3	6228	17:57:05
4_	21	4	1	4	4	4	7963	17:57:05
4_	21	4	1	5	5	5	2779	17:57:05
4_	21	4	1	6	6	6	3058	17:57:05
4_	21	4	1	7	7	7	2366	17:57:05
4_	21	4	0	8	3	8	25928	17:57:05
4_	21	4	1	9	9	9	2730	17:57:05
4_	21	4	1	10	10	10	3215	17:57:05
4_	21	4	0	11	3	11	23762	17:57:05
4_	21	4	1	12	12	12	2178	17:57:05
4_	21	4	1	13	13	13	1912	17:57:05
4_	21	4	1	14	14	14	3349	17:57:05
4_	21	4	0	15	4	15	7562	17:57:05
4_	21	4	1	16	16	16	2516	17:57:05
4_	21	4	1	17	17	17	4235	17:57:05
4_	21	4	1	18	18	18	2207	17:57:05
4_	22	4	0	1	8	1	4343	14:59:40
4_	22	4	0	2	15	2	3562	14:59:40
4_	22	4	0	3	11	3	8436	14:59:40
4_	22	4	1	4	4	4	4599	14:59:40
4_	22	4	0	5	14	5	4902	14:59:40
4_	22	4	0	6	8	6	2297	14:59:40
4_	22	4	1	7	7	7	2578	14:59:40
4_	22	4	0	8	17	8	3640	14:59:40
4_	22	4	1	9	9	9	2907	14:59:40
4_	22	4	0	10	3	10	2271	14:59:40
4_	22	4	0	11	6	11	3631	14:59:40
4_	22	4	1	12	12	12	1228	14:59:40
4_	22	4	0	13	2	13	4139	14:59:40
4_	22	4	1	14	14	14	6633	14:59:40
4_	22	4	0	15	1	15	4976	14:59:40
4_	22	4	1	16	16	16	2870	14:59:40
4_	22	4	0	17	13	17	4957	14:59:40
4_	22	4	0	18	15	18	5809	14:59:40
4_	25	4	1	1	1	1	3112	15:30:51
4_	25	4	1	2	2	2	3113	15:30:51
4_	25	4	1	3	3	3	3218	15:30:51
4_	25	4	1	4	4	4	2904	15:30:51
4_	25	4	1	5	5	5	2452	15:30:51
4_	25	4	1	6	6	6	11652	15:30:51
4_	25	4	1	7	7	7	2858	15:30:51
4_	25	4	1	8	8	8	6343	15:30:51
4_	25	4	1	9	9	9	6976	15:30:51
4_	25	4	1	10	10	10	6390	15:30:51
4_	25	4	1	11	11	11	2575	15:30:51
4_	25	4	1	12	12	12	2932	15:30:51
4_	25	4	1	13	13	13	4201	15:30:51
4_	25	4	1	14	14	14	2161	15:30:51
4_	25	4	0	15	17	15	21465	15:30:51
4_	25	4	1	16	16	16	2324	15:30:51
4_	25	4	0	17	15	17	6512	15:30:51
4_	25	4	1	18	18	18	2242	15:30:51
4_	27	4	0	1	13	1	2520	16:13:55
4_	27	4	1	2	2	2	1791	16:13:55
4_	27	4	1	3	3	3	1996	16:13:55
4_	27	4	1	4	4	4	1972	16:13:55
4_	27	4	0	5	7	5	2298	16:13:55
4_	27	4	0	6	18	6	3524	16:13:55
4_	27	4	0	7	5	7	3690	16:13:55
4_	27	4	1	8	8	8	1675	16:13:55
4_	27	4	0	9	17	9	1743	16:13:55
4_	27	4	0	10	1	10	3177	16:13:55
4_	27	4	1	11	11	11	1759	16:13:55
4_	27	4	1	12	12	12	2561	16:13:55
4_	27	4	0	13	6	13	1819	16:13:55
4_	27	4	1	14	14	14	4200	16:13:55
4_	27	4	1	15	15	15	1919	16:13:55
4_	27	4	1	16	16	16	1621	16:13:55
4_	27	4	0	17	9	17	2326	16:13:55
4_	27	4	0	18	10	18	4362	16:13:55
2_	12	2	0	1	8	1	5300	15:49:47
2_	12	2	0	2	12	2	2556	15:49:47
2_	12	2	0	3	2	3	4098	15:49:47
2_	12	2	0	4	9	4	4400	15:49:47
2_	12	2	0	5	3	5	3241	15:49:47
2_	12	2	0	6	10	6	4193	15:49:47
2_	12	2	0	7	16	7	3315	15:49:47
2_	12	2	0	8	17	8	2850	15:49:47
2_	12	2	0	9	5	9	2603	15:49:47
2_	12	2	0	10	3	10	2352	15:49:47
2_	12	2	0	11	10	11	4413	15:49:47
2_	12	2	0	12	15	12	4568	15:49:47
2_	12	2	0	13	8	13	2235	15:49:47
2_	12	2	1	14	14	14	1741	15:49:47
2_	12	2	0	15	5	15	1375	15:49:47
2_	12	2	0	16	1	16	3652	15:49:47
2_	12	2	0	17	11	17	1786	15:49:47
2_	12	2	0	18	17	18	5235	15:49:47
2_	16	2	0	1	3	1	13663	15:49:50
2_	16	2	0	2	1	2	5752	15:49:50
2_	16	2	0	3	6	3	2909	15:49:50
2_	16	2	0	4	17	4	9418	15:49:50
2_	16	2	0	5	6	5	3698	15:49:50
2_	16	2	0	6	18	6	8524	15:49:50
2_	16	2	0	7	2	7	4361	15:49:50
2_	16	2	0	8	14	8	5281	15:49:50
2_	16	2	0	9	15	9	2213	15:49:50
2_	16	2	0	10	13	10	4191	15:49:50
2_	16	2	0	11	7	11	2419	15:49:50
2_	16	2	0	12	11	12	9727	15:49:50
2_	16	2	0	13	18	13	5484	15:49:50
2_	16	2	0	14	11	14	4073	15:49:50
2_	16	2	0	15	9	15	5770	15:49:50
2_	16	2	0	16	8	16	5274	15:49:50
2_	16	2	0	17	11	17	6946	15:49:50
2_	16	2	0	18	1	18	4283	15:49:50
2_	19	2	0	1	9	1	10045	16:53:41
2_	19	2	0	2	14	2	8758	16:53:41
2_	19	2	0	3	1	3	4085	16:53:41
2_	19	2	0	4	12	4	3727	16:53:41
2_	19	2	0	5	3	5	2020	16:53:41
2_	19	2	0	6	7	6	1540	16:53:41
2_	19	2	0	7	4	7	648	16:53:41
2_	19	2	0	8	2	8	1675	16:53:41
2_	19	2	0	9	16	9	1412	16:53:41
2_	19	2	0	10	13	10	2208	16:53:41
2_	19	2	0	11	7	11	1625	16:53:41
2_	19	2	0	12	11	12	1319	16:53:41
2_	19	2	0	13	14	13	1833	16:53:41
2_	19	2	0	14	15	14	912	16:53:41
2_	19	2	0	15	5	15	1016	16:53:41
2_	19	2	0	16	10	16	1022	16:53:41
2_	19	2	0	17	1	17	990	16:53:41
2_	19	2	0	18	6	18	2095	16:53:41
2_	23	2	0	1	2	1	9972	14:41:32
2_	23	2	0	2	8	2	6512	14:41:32
2_	23	2	1	3	3	3	2304	14:41:32
2_	23	2	0	4	10	4	4447	14:41:32
2_	23	2	1	5	5	5	1613	14:41:32
2_	23	2	1	6	6	6	2488	14:41:32
2_	23	2	1	7	7	7	2521	14:41:32
2_	23	2	0	8	2	8	6106	14:41:32
2_	23	2	0	9	18	9	2117	14:41:32
2_	23	2	0	10	14	10	7718	14:41:32
2_	23	2	1	11	11	11	1494	14:41:32
2_	23	2	1	12	12	12	10457	14:41:32
2_	23	2	0	13	8	13	3497	14:41:32
2_	23	2	0	14	13	14	3203	14:41:32
2_	23	2	1	15	15	15	2200	14:41:32
2_	23	2	0	16	1	16	10663	14:41:32
2_	23	2	0	17	1	17	3043	14:41:32
2_	23	2	0	18	4	18	1784	14:41:32
2_	26	2	0	1	10	1	7472	15:08:35
2_	26	2	0	2	9	2	4824	15:08:35
2_	26	2	0	3	12	3	4983	15:08:35
2_	26	2	1	4	4	4	2326	15:08:35
2_	26	2	0	5	12	5	1102	15:08:35
2_	26	2	0	6	12	6	1225	15:08:35
2_	26	2	0	7	10	7	1068	15:08:35
2_	26	2	0	8	7	8	985	15:08:35
2_	26	2	0	9	7	9	996	15:08:35
2_	26	2	0	10	2	10	812	15:08:35
2_	26	2	0	11	3	11	721	15:08:35
2_	26	2	0	12	13	12	792	15:08:35
2_	26	2	0	13	2	13	670	15:08:35
2_	26	2	0	14	1	14	712	15:08:35
2_	26	2	0	15	3	15	541	15:08:35
2_	26	2	0	16	5	16	581	15:08:35
2_	26	2	0	17	14	17	419	15:08:35
2_	26	2	0	18	3	18	626	15:08:35
3_	12	3	0	1	10	1	2137	15:57:27
3_	12	3	0	2	3	2	1760	15:57:27
3_	12	3	0	3	13	3	4076	15:57:27
3_	12	3	0	4	2	4	3597	15:57:27
3_	12	3	0	5	4	5	1376	15:57:27
3_	12	3	0	6	1	6	4159	15:57:27
3_	12	3	0	7	18	7	1928	15:57:27
3_	12	3	0	8	9	8	9191	15:57:27
3_	12	3	0	9	8	9	1585	15:57:27
3_	12	3	1	10	10	10	2425	15:57:27
3_	12	3	1	11	11	11	6200	15:57:27
3_	12	3	0	12	17	12	3038	15:57:27
3_	12	3	0	13	15	13	1714	15:57:27
3_	12	3	0	14	12	14	3277	15:57:27
3_	12	3	0	15	14	15	1615	15:57:27
3_	12	3	1	16	16	16	2313	15:57:27
3_	12	3	0	17	1	17	5514	15:57:27
3_	12	3	0	18	6	18	2682	15:57:27
3_	16	3	1	1	1	1	7118	15:58:07
3_	16	3	1	2	2	2	2335	15:58:07
3_	16	3	0	3	4	3	5546	15:58:07
3_	16	3	0	4	1	4	10204	15:58:07
3_	16	3	1	5	5	5	14434	15:58:07
3_	16	3	1	6	6	6	5924	15:58:07
3_	16	3	1	7	7	7	2564	15:58:07
3_	16	3	1	8	8	8	5166	15:58:07
3_	16	3	0	9	13	9	4319	15:58:07
3_	16	3	0	10	15	10	3552	15:58:07
3_	16	3	1	11	11	11	3734	15:58:07
3_	16	3	1	12	12	12	3355	15:58:07
3_	16	3	0	13	11	13	7568	15:58:07
3_	16	3	1	14	14	14	7897	15:58:07
3_	16	3	1	15	15	15	1841	15:58:07
3_	16	3	0	16	13	16	10379	15:58:07
3_	16	3	1	17	17	17	8934	15:58:07
3_	16	3	0	18	14	18	4075	15:58:07
3_	19	3	0	1	18	1	6870	17:00:48
3_	19	3	1	2	2	2	8120	17:00:48
3_	19	3	0	3	17	3	3070	17:00:48
3_	19	3	0	4	3	4	3491	17:00:48
3_	19	3	1	5	5	5	6286	17:00:48
3_	19	3	0	6	18	6	11097	17:00:48
3_	19	3	1	7	7	7	1475	17:00:48
3_	19	3	1	8	8	8	1457	17:00:48
3_	19	3	1	9	9	9	9118	17:00:48
3_	19	3	1	10	10	10	2070	17:00:48
3_	19	3	0	11	16	11	4341	17:00:48
3_	19	3	1	12	12	12	2062	17:00:48
3_	19	3	1	13	13	13	1531	17:00:48
3_	19	3	0	14	3	14	3583	17:00:48
3_	19	3	1	15	15	15	1240	17:00:48
3_	19	3	0	16	5	16	6980	17:00:48
3_	19	3	0	17	14	17	3534	17:00:48
3_	19	3	1	18	18	18	5761	17:00:48
3_	23	3	1	1	1	1	2687	14:49:04
3_	23	3	1	2	2	2	3620	14:49:04
3_	23	3	1	3	3	3	2050	14:49:04
3_	23	3	1	4	4	4	5193	14:49:04
3_	23	3	0	5	3	5	2948	14:49:04
3_	23	3	1	6	6	6	2227	14:49:04
3_	23	3	1	7	7	7	1407	14:49:04
3_	23	3	1	8	8	8	1274	14:49:04
3_	23	3	1	9	9	9	2151	14:49:04
3_	23	3	1	10	10	10	2185	14:49:04
3_	23	3	0	11	16	11	14299	14:49:04
3_	23	3	1	12	12	12	1706	14:49:04
3_	23	3	1	13	13	13	2375	14:49:04
3_	23	3	1	14	14	14	1445	14:49:04
3_	23	3	1	15	15	15	1083	14:49:04
3_	23	3	0	16	13	16	6696	14:49:04
3_	23	3	1	17	17	17	1304	14:49:04
3_	23	3	1	18	18	18	8344	14:49:04
3_	26	3	1	1	1	1	3963	15:15:40
3_	26	3	0	2	3	2	2055	15:15:40
3_	26	3	0	3	4	3	7179	15:15:40
3_	26	3	0	4	5	4	11957	15:15:40
3_	26	3	0	5	6	5	2978	15:15:40
3_	26	3	0	6	4	6	8472	15:15:40
3_	26	3	1	7	7	7	2288	15:15:40
3_	26	3	1	8	8	8	5176	15:15:40
3_	26	3	1	9	9	9	1894	15:15:40
3_	26	3	0	10	1	10	12970	15:15:40
3_	26	3	1	11	11	11	10095	15:15:40
3_	26	3	1	12	12	12	5902	15:15:40
3_	26	3	1	13	13	13	5123	15:15:40
3_	26	3	1	14	14	14	6283	15:15:40
3_	26	3	1	15	15	15	1455	15:15:40
3_	26	3	0	16	11	16	4555	15:15:40
3_	26	3	1	17	17	17	1849	15:15:40
3_	26	3	0	18	4	18	3336	15:15:40
4_	12	4	0	1	12	1	2543	16:05:56
4_	12	4	0	2	18	2	1399	16:05:56
4_	12	4	0	3	1	3	3790	16:05:56
4_	12	4	0	4	8	4	4425	16:05:56
4_	12	4	1	5	5	5	3000	16:05:56
4_	12	4	0	6	7	6	2654	16:05:56
4_	12	4	0	7	14	7	2665	16:05:56
4_	12	4	0	8	17	8	2649	16:05:56
4_	12	4	0	9	3	9	3680	16:05:56
4_	12	4	0	10	16	10	2188	16:05:56
4_	12	4	0	11	10	11	1432	16:05:56
4_	12	4	0	12	2	12	2843	16:05:56
4_	12	4	1	13	13	13	2120	16:05:56
4_	12	4	0	14	6	14	2883	16:05:56
4_	12	4	0	15	9	15	5967	16:05:56
4_	12	4	0	16	17	16	2184	16:05:56
4_	12	4	0	17	3	17	5482	16:05:56
4_	12	4	0	18	4	18	2589	16:05:56
4_	16	4	0	1	13	1	6318	16:06:56
4_	16	4	1	2	2	2	2240	16:06:56
4_	16	4	1	3	3	3	4907	16:06:56
4_	16	4	1	4	4	4	13502	16:06:56
4_	16	4	1	5	5	5	6354	16:06:56
4_	16	4	1	6	6	6	1991	16:06:56
4_	16	4	1	7	7	7	2554	16:06:56
4_	16	4	1	8	8	8	1827	16:06:56
4_	16	4	0	9	16	9	9094	16:06:56
4_	16	4	1	10	10	10	6582	16:06:56
4_	16	4	0	11	18	11	12028	16:06:56
4_	16	4	1	12	12	12	1796	16:06:56
4_	16	4	0	13	9	13	32529	16:06:56
4_	16	4	1	14	14	14	10758	16:06:56
4_	16	4	1	15	15	15	8513	16:06:56
4_	16	4	0	16	1	16	8257	16:06:56
4_	16	4	1	17	17	17	2396	16:06:56
4_	16	4	0	18	16	18	5739	16:06:56
4_	19	4	0	1	9	1	1113	17:09:05
4_	19	4	0	2	16	2	909	17:09:05
4_	19	4	0	3	12	3	1637	17:09:05
4_	19	4	0	4	2	4	708	17:09:05
4_	19	4	0	5	14	5	852	17:09:05
4_	19	4	0	6	16	6	1496	17:09:05
4_	19	4	0	7	17	7	820	17:09:05
4_	19	4	0	8	5	8	1277	17:09:05
4_	19	4	0	9	3	9	942	17:09:05
4_	19	4	0	10	2	10	1057	17:09:05
4_	19	4	0	11	8	11	1197	17:09:05
4_	19	4	0	12	7	12	816	17:09:05
4_	19	4	0	13	8	13	1562	17:09:05
4_	19	4	0	14	5	14	931	17:09:05
4_	19	4	0	15	11	15	742	17:09:05
4_	19	4	0	16	10	16	589	17:09:05
4_	19	4	0	17	16	17	1193	17:09:05
4_	19	4	1	18	18	18	632	17:09:05
4_	23	4	0	1	10	1	1777	14:57:01
4_	23	4	0	2	12	2	1578	14:57:01
4_	23	4	0	3	6	3	1489	14:57:01
4_	23	4	0	4	16	4	1239	14:57:01
4_	23	4	0	5	9	5	1196	14:57:01
4_	23	4	0	6	1	6	2233	14:57:01
4_	23	4	0	7	2	7	1182	14:57:01
4_	23	4	0	8	4	8	1203	14:57:01
4_	23	4	0	9	10	9	2408	14:57:01
4_	23	4	0	10	2	10	1819	14:57:01
4_	23	4	1	11	11	11	2275	14:57:01
4_	23	4	0	12	2	12	2246	14:57:01
4_	23	4	0	13	8	13	1050	14:57:01
4_	23	4	0	14	5	14	1858	14:57:01
4_	23	4	0	15	7	15	2076	14:57:01
4_	23	4	0	16	15	16	2095	14:57:01
4_	23	4	0	17	7	17	1172	14:57:01
4_	23	4	0	18	12	18	1304	14:57:01
4_	26	4	1	1	1	1	4648	15:24:21
4_	26	4	1	2	2	2	2383	15:24:21
4_	26	4	1	3	3	3	2771	15:24:21
4_	26	4	1	4	4	4	2411	15:24:21
4_	26	4	1	5	5	5	3909	15:24:21
4_	26	4	1	6	6	6	6193	15:24:21
4_	26	4	0	7	18	7	4795	15:24:21
4_	26	4	1	8	8	8	2130	15:24:21
4_	26	4	0	9	16	9	6433	15:24:21
4_	26	4	0	10	6	10	9594	15:24:21
4_	26	4	1	11	11	11	2389	15:24:21
4_	26	4	1	12	12	12	2333	15:24:21
4_	26	4	1	13	13	13	3722	15:24:21
4_	26	4	1	14	14	14	3701	15:24:21
4_	26	4	1	15	15	15	1711	15:24:21
4_	26	4	1	16	16	16	3314	15:24:21
4_	26	4	1	17	17	17	1015	15:24:21
4_	26	4	0	18	7	18	6489	15:24:21
