3x3 with 2 correct pairs but 1 + 1 noisy word and object

loc1	loc2	loc3	extra_sound10	11	4	13	16	18	212	18	3	415	8	7	513	1	6	76	2	1	814	17	2	35	4	8	96	12	10	18	3	18	109	11	13	418	10	17	1317	1	16	65	11	12	1613	14	9	1215	4	11	178	9	12	116	7	4	310	2	6	1518	16	5	145	12	2	188	4	1	1013	14	3	181	2	8	1217	15	14	74	12	13	59	6	18	173	16	15	110	11	16	1418	8	17	24	13	7	61	5	15	103	9	5	157	15	4	122	6	9	817	16	10	1110	7	6	1614	16	8	412	7	11	158	18	14	35	13	16	92	1	17	1117	7	15	139	14	13	186	16	11	173	10	12	1411	15	14	1618	13	9	21	11	2	75	2	3	1317	14	7	915	12	5	89	4	10	63	7	1	5



10 11 4 
10 11 1 

3 16 18 
3 16 2 

12 18 3 
12 18 4 

15 8 7 
15 8 5 

13 1 6 
13 1 7 

6 2 1 
6 2 8 

14 17 2 
14 17 3 

5 4 8 
5 4 9 

6 12 10 
6 12 1 

8 3 18 
8 3 10 

9 11 13 
9 11 4 

18 10 17 
18 10 13 

17 1 16 
17 1 6 

5 11 12 
5 11 16 

13 14 9 
13 14 12 

15 4 11 
15 4 17 

8 9 12 
8 9 11 

6 7 4 
6 7 3 

10 2 6 
10 2 15 

18 16 5 
18 16 14 

5 12 2 
5 12 18 

8 4 1 
8 4 10 

13 14 3 
13 14 18 

1 2 8 
1 2 12 

17 15 14 
17 15 7 

4 12 13 
4 12 5 

9 6 18 
9 6 17 

3 16 15 
3 16 1 

10 11 16 
10 11 14 

18 8 17 
18 8 2 

4 13 7 
4 13 6 

1 5 15 
1 5 10 

3 9 5 
3 9 15 

7 15 4 
7 15 12 

2 6 9 
2 6 8 

17 16 10 
17 16 11 

10 7 6 
10 7 16 

14 16 8 
14 16 4 

12 7 11 
12 7 15 

8 18 14 
8 18 3 

5 13 16 
5 13 9 

2 1 17 
2 1 11 

17 7 15 
17 7 13 

9 14 13 
9 14 18 

6 16 11 
6 16 17 

3 10 12 
3 10 14 

11 15 14 
11 15 16 

18 13 9 
18 13 2 

1 11 2 
1 11 7 

5 2 3 
5 2 13 

17 14 7 
17 14 9 

15 12 5 
15 12 8 

9 4 10 
9 4 6 

3 7 1 
3 7 5 

     6     3     1     1     2     2     3     2     0     2     2     1     1     0     0     0     1     0
     3     6     1     0     2     2     1     2     0     1     2     2     1     1     1     0     1     1
     1     2     6     1     2     0     1     1     1     2     0     1     2     2     1     2     0     2
     1     0     1     6     2     3     2     1     2     2     1     2     1     0     2     0     1     0
     1     1     1     1     6     0     0     1     3     1     1     2     2     1     2     2     0     2
     2     3     1     0     0     6     3     2     1     2     0     1     1     0     1     2     2     0
     0     0     2     1     2     2     6     1     1     1     0     2     2     1     3     1     2     0
     1     2     2     3     2     0     0     6     2     2     1     1     0     1     1     1     0     2
     0     2     1     2     0     3     0     2     6     0     2     1     2     2     1     0     1     2
     2     1     1     1     0     2     1     0     1     6     3     1     1     2     1     2     1     1
     2     0     0     2     1     1     2     0     1     2     6     1     0     1     3     3     2     0
     1     0     1     2     3     1     1     2     1     1     2     6     0     1     2     1     0     2
     1     1     0     3     2     1     1     0     3     0     1     2     6     3     0     0     0     3
     0     0     2     1     0     0     1     1     2     0     1     1     2     6     2     2     3     3
     2     0     1     1     2     0     3     2     0     1     1     2     1     0     6     2     3     0
     2     1     2     1     1     2     0     0     1     1     2     0     1     3     0     6     3     1
     2     2     1     0     0     1     2     1     1     1     2     0     2     2     1     1     6     2
     0     3     3     1     0     1     0     3     1     2     0     1     2     1     0     2     1     6
