Meanwhile, can you run 3x3 (1+1 noise) and 4x4 (2+2 noise) conditions? By
checking out the current results, the other 2 missing ones are 1x3 and 1x4
with 18AFC. Can you implement them? So there will be a set of 4. I think if
you use the original 3x3 and 4x4, but just decompose 1 trial to 3-4 trials
(with only one word in each), then you can generate 1x3 and 1x4 relatively
easily.

                                                                     
                                                                     
                                                                     
                                             
3x3 with 2 correct pairs but 1 + 1 noisy word and object

10 11 4 
10 11 1 

3 16 18 
3 16 2 

12 18 3 
12 18 4 

15 8 7 
15 8 5 

13 1 6 
13 1 7 

6 2 1 
6 2 8 

14 17 2 
14 17 3 

5 4 8 
5 4 9 

6 12 10 
6 12 1 

8 3 18 
8 3 10 

9 11 13 
9 11 4 

18 10 17 
18 10 13 

17 1 16 
17 1 6 

5 11 12 
5 11 16 

13 14 9 
13 14 12 

15 4 11 
15 4 17 

8 9 12 
8 9 11 

6 7 4 
6 7 3 

10 2 6 
10 2 15 

18 16 5 
18 16 14 

5 12 2 
5 12 18 

8 4 1 
8 4 10 

13 14 3 
13 14 18 

1 2 8 
1 2 12 

17 15 14 
17 15 7 

4 12 13 
4 12 5 

9 6 18 
9 6 17 

3 16 15 
3 16 1 

10 11 16 
10 11 14 

18 8 17 
18 8 2 

4 13 7 
4 13 6 

1 5 15 
1 5 10 

3 9 5 
3 9 15 

7 15 4 
7 15 12 

2 6 9 
2 6 8 

17 16 10 
17 16 11 

10 7 6 
10 7 16 

14 16 8 
14 16 4 

12 7 11 
12 7 15 

8 18 14 
8 18 3 

5 13 16 
5 13 9 

2 1 17 
2 1 11 

17 7 15 
17 7 13 

9 14 13 
9 14 18 

6 16 11 
6 16 17 

3 10 12 
3 10 14 

11 15 14 
11 15 16 

18 13 9 
18 13 2 

1 11 2 
1 11 7 

5 2 3 
5 2 13 

17 14 7 
17 14 9 

15 12 5 
15 12 8 

9 4 10 
9 4 6 

3 7 1 
3 7 5 

     6     3     1     1     2     2     3     2     0     2     2     1     1     0     0     0     1     0
     3     6     1     0     2     2     1     2     0     1     2     2     1     1     1     0     1     1
     1     2     6     1     2     0     1     1     1     2     0     1     2     2     1     2     0     2
     1     0     1     6     2     3     2     1     2     2     1     2     1     0     2     0     1     0
     1     1     1     1     6     0     0     1     3     1     1     2     2     1     2     2     0     2
     2     3     1     0     0     6     3     2     1     2     0     1     1     0     1     2     2     0
     0     0     2     1     2     2     6     1     1     1     0     2     2     1     3     1     2     0
     1     2     2     3     2     0     0     6     2     2     1     1     0     1     1     1     0     2
     0     2     1     2     0     3     0     2     6     0     2     1     2     2     1     0     1     2
     2     1     1     1     0     2     1     0     1     6     3     1     1     2     1     2     1     1
     2     0     0     2     1     1     2     0     1     2     6     1     0     1     3     3     2     0
     1     0     1     2     3     1     1     2     1     1     2     6     0     1     2     1     0     2
     1     1     0     3     2     1     1     0     3     0     1     2     6     3     0     0     0     3
     0     0     2     1     0     0     1     1     2     0     1     1     2     6     2     2     3     3
     2     0     1     1     2     0     3     2     0     1     1     2     1     0     6     2     3     0
     2     1     2     1     1     2     0     0     1     1     2     0     1     3     0     6     3     1
     2     2     1     0     0     1     2     1     1     1     2     0     2     2     1     1     6     2
     0     3     3     1     0     1     0     3     1     2     0     1     2     1     0     2     1     6


4 by 4 with only 2 correct pairs and 2 noisy words and objects

10 11 4 14 
10 11 1 3 

3 16 18 1 
3 16 2 9 

12 18 3 11 
12 18 4 10 

15 8 7 4 
15 8 5 1 

13 1 6 3 
13 1 7 5 

6 2 1 16 
6 2 8 11 

14 17 2 5 
14 17 3 12 

5 4 8 11 
5 4 9 2 

6 12 10 17 
6 12 1 13 

8 3 18 16 
8 3 10 4 

9 11 13 17 
9 11 4 15 

18 10 17 6 
18 10 13 3 

17 1 16 5 
17 1 6 10 

5 11 12 18 
5 11 16 17 

13 14 9 17 
13 14 12 6 

15 4 11 13 
15 4 17 7 

8 9 12 15 
8 9 11 14 

6 7 4 2 
6 7 3 9 

10 2 6 9 
10 2 15 5 

18 16 5 10 
18 16 14 1 

5 12 2 1 
5 12 18 16 

8 4 1 7 
8 4 10 2 

13 14 3 8 
13 14 18 7 

1 2 8 6 
1 2 12 4 

17 15 14 16 
17 15 7 13 

4 12 13 10 
4 12 5 8 

9 6 18 12 
9 6 17 11 

3 16 15 14 
3 16 1 6 

10 11 16 13 
10 11 14 17 

18 8 17 4 
18 8 2 16 

4 13 7 3 
4 13 6 12 

1 5 15 9 
1 5 10 16 

3 9 5 18 
3 9 15 13 

7 15 4 2 
7 15 12 14 

2 6 9 7 
2 6 8 5 

17 16 10 8 
17 16 11 7 

10 7 6 11 
10 7 16 4 

14 16 8 15 
14 16 4 9 

12 7 11 14 
12 7 15 10 

8 18 14 12 
8 18 3 11 

5 13 16 6 
5 13 9 1 

2 1 17 4 
2 1 11 18 

17 7 15 5 
17 7 13 8 

9 14 13 3 
9 14 18 15 

6 16 11 8 
6 16 17 3 

3 10 12 9 
3 10 14 18 

11 15 14 18 
11 15 16 17 

18 13 9 15 
18 13 2 12 

1 11 2 13 
1 11 7 14 

5 2 3 12 
5 2 13 15 

17 14 7 10 
17 14 9 6 

15 12 5 1 
15 12 8 18 

9 4 10 7 
9 4 6 2 

3 7 1 2 
3 7 5 8 


  6     5     2     2     4     2     3     4     1     3     3     3     1     1     1     3     1     3
     3     6     3     1     5     3     4     3     1     1     3     4     1     3     3     1     1     2
     2     2     6     3     3     2     3     2     3     3     0     2     5     3     3     2     0     4
     3     5     2     6     3     3     3     4     3     2     2     3     1     1     3     1     1     2
     4     2     2     1     6     1     1     2     3     2     1     3     4     2     3     4     4     3
     4     4     3     2     4     6     3     2     3     3     2     2     4     0     1     2     2     1
     1     3     2     4     3     5     6     5     3     3     0     3     2     2     3     1     2     0
     2     4     3     5     2     1     2     6     3     2     3     1     1     3     1     4     2     3
     1     4     2     2     3     4     0     2     6     3     3     2     3     4     4     1     1     3
     3     2     3     3     2     3     2     1     2     6     3     2     2     4     1     3     3     3
     2     1     2     5     2     1     4     0     2     5     6     2     0     2     4     4     5     1
     1     1     2     2     4     2     1     4     2     3     4     6     2     2     3     2     2     5
     3     1     0     4     3     2     4     1     3     1     3     4     6     5     3     0     2     3
     2     0     4     1     0     3     3     1     3     2     3     3     3     6     4     3     4     3
     3     1     1     2     2     1     4     4     2     1     2     3     3     3     6     4     4     2
     4     2     4     2     1     4     2     2     3     3     3     0     2     3     1     6     5     1
     3     2     2     1     0     4     3     2     2     2     3     3     5     3     2     2     6     3
     1     3     5     2     1     1     0     3     3     3     4     2     3     1     2     5     3     6

