5 12 1 
5 12 1 18 
15 8 14 
8 15 14 7 
16 2 11 
2 16 11 15 
1 10 3 
3 10 1 6 
4 6 9 
9 6 4 14 
17 18 7 
7 17 18 16 
13 10 12 
12 10 13 8 
2 4 17 
4 17 2 3 
9 5 6 
5 9 6 17 
3 15 18 
15 3 18 14 
11 13 1 
13 11 1 15 
12 7 8 
7 12 8 13 
4 14 16 
16 4 14 8 
18 2 3 
3 2 18 7 
8 9 5 
5 9 8 18 
7 12 11 
12 11 7 4 
6 10 13 
6 10 13 5 
14 4 17 
4 17 14 6 
16 5 15 
15 16 5 3 
3 1 8 
8 1 3 17 
10 6 7 
10 6 7 5 
18 14 9 
18 14 9 6 
15 17 13 
17 13 15 4 
8 4 2 
4 8 2 13 
14 16 11 
11 16 14 7 
12 15 5 
15 12 5 8 
7 13 18 
7 18 13 15 
11 17 9 
17 11 9 16 
6 11 18 
6 18 11 14 
2 10 4 
4 10 2 18 
16 9 1 
16 9 1 3 
12 3 5 
12 3 5 17 
13 8 7 
7 8 13 4 
15 2 17 
2 15 17 16 
16 6 3 
3 6 16 13 
1 14 10 
10 14 1 5 