5 12 1 
5 12 1 20 
15 8 14 
8 15 14 19 
16 2 11 
2 16 11 21 
1 10 3 
3 10 1 22 
4 6 9 
9 6 4 23 
17 18 7 
7 17 18 24 
13 10 12 
12 10 13 19 
2 4 17 
4 17 2 20 
9 5 6 
5 9 6 21 
3 15 18 
15 3 18 23 
11 13 1 
13 11 1 22 
12 7 8 
7 12 8 24 
4 14 16 
16 4 14 19 
18 2 3 
3 2 18 20 
8 9 5 
5 9 8 21 
7 12 11 
12 11 7 22 
6 10 13 
6 10 13 23 
14 4 17 
4 17 14 24 
16 5 15 
15 16 5 19 
3 1 8 
8 1 3 20 
10 6 7 
10 6 7 21 
18 14 9 
18 14 9 22 
15 17 13 
17 13 15 23 
8 4 2 
4 8 2 24 
14 16 11 
11 16 14 19 
12 15 5 
15 12 5 20 
7 13 18 
7 18 13 21 
11 17 9 
17 11 9 23 
6 11 18 
6 18 11 22 
2 10 4 
4 10 2 19 
16 9 1 
16 9 1 21 
12 3 5 
12 3 5 24 
13 8 7 
7 8 13 20 
15 2 17 
2 15 17 22 
16 6 3 
3 6 16 24 
1 14 10 
10 14 1 23 